  4.576487E-0003  1.763966E-0003  1.405278E-0003  1.179262E-0003  1.691195E-0003  1.757635E-0003
  7.609379E-0003  3.282845E-0003  2.722739E-0003  2.124499E-0003  2.981229E-0003  3.139739E-0003
  3.983020E-0003  1.961087E-0003  1.755847E-0003  1.293526E-0003  1.716090E-0003  1.832620E-0003
  1.539441E-0003  7.641824E-0004  6.758042E-0004  6.133472E-0004  7.409149E-0004  7.903497E-0004
  1.177206E-0003  7.030583E-0004  6.228668E-0004  5.437963E-0004  6.200778E-0004  6.588704E-0004
  8.508284E-0004  5.535069E-0004  4.707747E-0004  4.265408E-0004  4.777676E-0004  5.024208E-0004
  6.682285E-0004  4.801840E-0004  3.933848E-0004  3.667148E-0004  3.888795E-0004  4.266528E-0004
  5.873130E-0004  4.283814E-0004  3.443853E-0004  3.100286E-0004  3.399400E-0004  3.780182E-0004
  5.159407E-0004  3.848497E-0004  2.973261E-0004  2.747434E-0004  2.973786E-0004  3.414785E-0004
  5.246062E-0004  3.481329E-0004  2.682384E-0004  2.614928E-0004  2.834492E-0004  3.344603E-0004
  5.112161E-0004  3.286151E-0004  2.506315E-0004  2.376902E-0004  2.549203E-0004  3.218109E-0004
  4.900207E-0004  3.258772E-0004  2.528942E-0004  2.498092E-0004  2.404662E-0004  3.053090E-0004
  3.965395E-0004  2.902897E-0004  2.323565E-0004  2.165962E-0004  2.154484E-0004  2.573979E-0004
  3.680306E-0004  2.703691E-0004  2.123530E-0004  2.014905E-0004  2.101506E-0004  2.381521E-0004
  3.452414E-0004  2.529026E-0004  2.167797E-0004  2.110150E-0004  2.293099E-0004  2.311364E-0004
  3.190663E-0004  2.247734E-0004  2.096769E-0004  2.072825E-0004  2.315248E-0004  2.123992E-0004
  2.953983E-0004  2.250267E-0004  2.270567E-0004  2.314601E-0004  2.546161E-0004  2.144083E-0004
  2.974140E-0004  2.084878E-0004  2.183270E-0004  2.376324E-0004  2.713829E-0004  2.126952E-0004
  3.203197E-0004  2.304458E-0004  2.444796E-0004  2.866483E-0004  3.316150E-0004  2.414509E-0004
  3.222876E-0004  2.272821E-0004  2.454716E-0004  2.867637E-0004  3.392884E-0004  2.513027E-0004
  3.059569E-0004  2.054934E-0004  2.237283E-0004  2.570901E-0004  2.908391E-0004  2.345558E-0004
  2.890744E-0004  2.110350E-0004  2.397563E-0004  2.843065E-0004  3.059050E-0004  2.309588E-0004
  2.666808E-0004  1.952238E-0004  2.280916E-0004  2.622760E-0004  2.709529E-0004  2.096558E-0004
  2.566882E-0004  1.819701E-0004  2.199838E-0004  2.369612E-0004  2.474114E-0004  1.942296E-0004
  2.477008E-0004  1.859646E-0004  2.155821E-0004  2.335316E-0004  2.480431E-0004  1.942882E-0004
  2.548023E-0004  1.723697E-0004  2.117828E-0004  2.459426E-0004  2.442918E-0004  1.978417E-0004
  2.327304E-0004  1.588501E-0004  2.052540E-0004  2.244154E-0004  1.952720E-0004  1.820260E-0004
  2.316993E-0004  1.638339E-0004  1.946081E-0004  1.994171E-0004  1.762162E-0004  1.728005E-0004
  2.423117E-0004  1.722516E-0004  1.903876E-0004  1.942562E-0004  1.829111E-0004  1.729145E-0004
  2.518445E-0004  1.595733E-0004  1.816926E-0004  1.902391E-0004  1.851179E-0004  1.689057E-0004
  2.300072E-0004  1.472998E-0004  1.707945E-0004  1.764270E-0004  1.704030E-0004  1.508800E-0004
  2.174263E-0004  1.429399E-0004  1.663092E-0004  1.658690E-0004  1.554669E-0004  1.396216E-0004
  2.071421E-0004  1.299688E-0004  1.542042E-0004  1.541583E-0004  1.368635E-0004  1.331721E-0004
  1.899576E-0004  1.227669E-0004  1.433471E-0004  1.404873E-0004  1.285444E-0004  1.249527E-0004
  1.852743E-0004  1.255493E-0004  1.378720E-0004  1.425152E-0004  1.285300E-0004  1.232275E-0004
  1.809265E-0004  1.205065E-0004  1.266839E-0004  1.271635E-0004  1.203340E-0004  1.114890E-0004
  1.577837E-0004  1.153391E-0004  1.232934E-0004  1.193095E-0004  1.148455E-0004  1.028756E-0004
  1.555123E-0004  1.136945E-0004  1.183222E-0004  1.121828E-0004  1.082627E-0004  9.972909E-0005
  1.511086E-0004  1.032314E-0004  1.048424E-0004  1.013644E-0004  1.001909E-0004  9.301566E-0005
  1.507944E-0004  9.804340E-0005  9.532549E-0005  9.592571E-0005  9.767277E-0005  9.052238E-0005
  1.464275E-0004  9.612701E-0005  9.418122E-0005  9.126143E-0005  9.306523E-0005  8.673644E-0005
  1.302903E-0004  8.966752E-0005  9.035871E-0005  8.903354E-0005  9.253970E-0005  8.110044E-0005
  1.358410E-0004  8.497189E-0005  8.542454E-0005  8.903095E-0005  9.360843E-0005  8.092116E-0005
  1.383229E-0004  8.427692E-0005  8.272094E-0005  8.744930E-0005  9.138238E-0005  8.041749E-0005
  1.333373E-0004  7.694767E-0005  7.430141E-0005  7.682428E-0005  8.315329E-0005  7.285266E-0005
  1.267021E-0004  7.156744E-0005  7.255595E-0005  7.618376E-0005  7.851564E-0005  6.964004E-0005
  1.191585E-0004  7.153340E-0005  6.630382E-0005  6.648528E-0005  6.742887E-0005  6.580563E-0005
  1.110234E-0004  6.802323E-0005  6.274762E-0005  6.173783E-0005  6.556025E-0005  6.095538E-0005
  1.161869E-0004  6.327171E-0005  5.693952E-0005  5.701371E-0005  6.552016E-0005  5.902585E-0005
  1.123800E-0004  5.814024E-0005  5.464231E-0005  5.281089E-0005  6.053380E-0005  5.618069E-0005
  1.183453E-0004  5.546305E-0005  5.326286E-0005  5.232535E-0005  6.092604E-0005  5.574893E-0005
  1.210924E-0004  5.327150E-0005  5.092162E-0005  5.075008E-0005  5.987772E-0005  5.458028E-0005
  1.090335E-0004  5.274390E-0005  5.000471E-0005  4.804575E-0005  5.805089E-0005  5.093232E-0005
  9.733504E-0005  4.966015E-0005  4.883708E-0005  4.485561E-0005  5.344822E-0005  4.748243E-0005
  1.000545E-0004  4.788517E-0005  4.447554E-0005  4.489623E-0005  5.354387E-0005  4.739011E-0005
  1.075396E-0004  4.871940E-0005  4.502659E-0005  4.531596E-0005  5.300026E-0005  4.912356E-0005
  9.590516E-0005  4.591661E-0005  4.464891E-0005  4.684191E-0005  5.251216E-0005  4.629050E-0005
  9.334672E-0005  4.316826E-0005  4.234147E-0005  4.578297E-0005  5.293861E-0005  4.501636E-0005
  9.902697E-0005  4.235954E-0005  3.992960E-0005  4.302464E-0005  5.201995E-0005  4.438192E-0005
  9.832841E-0005  4.122342E-0005  3.878854E-0005  4.262577E-0005  5.308621E-0005  4.393888E-0005
  1.047638E-0004  3.897761E-0005  3.705575E-0005  3.888722E-0005  5.016640E-0005  4.397173E-0005
  1.036870E-0004  3.942583E-0005  3.659039E-0005  3.878522E-0005  4.709426E-0005  4.291832E-0005
  1.001885E-0004  3.863688E-0005  3.684351E-0005  3.928198E-0005  4.441178E-0005  4.256991E-0005
  8.574416E-0005  3.529716E-0005  3.501596E-0005  3.768087E-0005  4.341765E-0005  3.762143E-0005
  9.868279E-0005  3.281060E-0005  3.306299E-0005  3.738984E-0005  4.868765E-0005  3.986559E-0005
  8.781088E-0005  3.293300E-0005  3.263437E-0005  3.596081E-0005  4.559679E-0005  3.788197E-0005
  8.698455E-0005  3.340370E-0005  3.164965E-0005  3.451154E-0005  4.086012E-0005  3.625666E-0005
  9.627135E-0005  3.344232E-0005  3.302094E-0005  3.592064E-0005  4.454088E-0005  3.900126E-0005
  1.032463E-0004  3.322315E-0005  3.410274E-0005  3.679424E-0005  4.840389E-0005  4.068272E-0005
  1.016065E-0004  3.127126E-0005  3.263855E-0005  3.574809E-0005  4.577862E-0005  4.011725E-0005
  8.352141E-0005  2.846714E-0005  3.190920E-0005  3.640770E-0005  4.130787E-0005  3.573406E-0005
  8.120394E-0005  2.906972E-0005  3.017352E-0005  3.352481E-0005  4.050553E-0005  3.410276E-0005
  8.799603E-0005  2.797225E-0005  2.803349E-0005  3.091714E-0005  3.892920E-0005  3.396466E-0005
  9.320652E-0005  2.736711E-0005  2.694693E-0005  3.062202E-0005  4.132284E-0005  3.498164E-0005
  8.295442E-0005  2.644022E-0005  2.715601E-0005  3.142532E-0005  4.155060E-0005  3.298488E-0005
  6.884539E-0005  2.531816E-0005  2.731404E-0005  3.248475E-0005  3.954704E-0005  2.966322E-0005
  6.859135E-0005  2.556116E-0005  2.769359E-0005  3.363690E-0005  3.819979E-0005  2.986164E-0005
  7.522263E-0005  2.628906E-0005  2.845300E-0005  3.420817E-0005  3.905176E-0005  3.140862E-0005
  5.954224E-0005  2.513619E-0005  2.751708E-0005  3.360734E-0005  3.812821E-0005  2.725479E-0005
  6.503459E-0005  2.539509E-0005  2.764428E-0005  3.330513E-0005  3.994150E-0005  2.853608E-0005
  7.849118E-0005  2.552960E-0005  2.779053E-0005  3.168103E-0005  3.977829E-0005  3.181021E-0005
  8.297812E-0005  2.455114E-0005  2.623999E-0005  3.184322E-0005  4.051628E-0005  3.216258E-0005
  8.247684E-0005  2.392000E-0005  2.596080E-0005  3.233500E-0005  4.027150E-0005  3.148709E-0005
  7.841454E-0005  2.334623E-0005  2.592327E-0005  3.190974E-0005  3.833017E-0005  3.087138E-0005
  7.510798E-0005  2.474014E-0005  2.534756E-0005  3.115258E-0005  3.891695E-0005  3.035341E-0005
  7.591760E-0005  2.423058E-0005  2.526411E-0005  3.094591E-0005  3.913742E-0005  3.070294E-0005
  7.445128E-0005  2.329622E-0005  2.533532E-0005  3.076181E-0005  3.829352E-0005  2.986366E-0005
  7.238160E-0005  2.185140E-0005  2.395734E-0005  2.858476E-0005  3.672925E-0005  2.832460E-0005
  7.148094E-0005  2.064983E-0005  2.270625E-0005  2.839072E-0005  3.674865E-0005  2.711664E-0005
  6.354669E-0005  1.902017E-0005  2.150443E-0005  2.714430E-0005  3.264288E-0005  2.477103E-0005
