  1.633822E-0002  8.240283E-0003  9.909089E-0003  9.030800E-0003  8.941147E-0003  7.691239E-0003
  2.761623E-0002  2.081590E-0002  4.091354E-0002  2.436534E-0002  1.924834E-0002  1.791553E-0002
  1.975468E-0002  2.473788E-0002  5.915093E-0002  2.837411E-0002  1.887581E-0002  1.880998E-0002
  6.137118E-0003  4.323767E-0003  8.547950E-0003  6.231241E-0003  5.215425E-0003  4.075150E-0003
  4.874492E-0003  3.431926E-0003  7.198831E-0003  4.419937E-0003  3.536837E-0003  3.152564E-0003
  4.526949E-0003  3.082012E-0003  6.502063E-0003  3.648703E-0003  2.829564E-0003  2.918473E-0003
  2.999760E-0003  1.059324E-0003  1.490336E-0003  1.238607E-0003  1.309549E-0003  1.383641E-0003
  2.571258E-0003  1.190455E-0003  2.279221E-0003  1.669576E-0003  1.331290E-0003  1.394397E-0003
  2.312595E-0003  9.356579E-0004  1.613759E-0003  1.362254E-0003  1.191013E-0003  1.185325E-0003
  1.644076E-0003  5.358844E-0004  7.456307E-0004  7.563951E-0004  7.434869E-0004  7.883770E-0004
  1.332334E-0003  5.979323E-0004  1.011406E-0003  8.182615E-0004  6.558504E-0004  6.955789E-0004
  1.229932E-0003  5.262870E-0004  8.415936E-0004  8.192213E-0004  7.537309E-0004  6.268377E-0004
  1.048389E-0003  4.602931E-0004  7.171950E-0004  7.441717E-0004  6.550816E-0004  5.484996E-0004
  8.864789E-0004  4.894875E-0004  7.785732E-0004  7.000960E-0004  6.206466E-0004  5.237958E-0004
  9.500256E-0004  4.813678E-0004  6.517373E-0004  6.262403E-0004  6.090124E-0004  5.084766E-0004
  9.598828E-0004  4.698297E-0004  6.493898E-0004  6.740459E-0004  6.413236E-0004  5.072048E-0004
  8.916528E-0004  3.845982E-0004  6.036412E-0004  6.074374E-0004  5.661878E-0004  4.767318E-0004
  7.420152E-0004  3.245538E-0004  5.429029E-0004  6.244880E-0004  5.105534E-0004  4.234437E-0004
  7.343322E-0004  3.088842E-0004  5.391373E-0004  6.413388E-0004  5.290696E-0004  4.180763E-0004
  6.342744E-0004  3.153238E-0004  4.920227E-0004  6.741555E-0004  5.754184E-0004  3.780316E-0004
  6.296192E-0004  3.207613E-0004  5.069566E-0004  7.644260E-0004  6.243275E-0004  3.839809E-0004
  7.369384E-0004  3.168842E-0004  5.445586E-0004  7.551808E-0004  6.286313E-0004  4.260559E-0004
  6.668179E-0004  2.881076E-0004  5.475048E-0004  7.928771E-0004  6.114332E-0004  4.014131E-0004
  7.295216E-0004  2.884684E-0004  5.249571E-0004  8.027189E-0004  6.483188E-0004  4.219281E-0004
  7.787371E-0004  2.938630E-0004  4.933501E-0004  7.424671E-0004  6.244783E-0004  4.220298E-0004
  5.897107E-0004  2.583695E-0004  5.059081E-0004  7.696992E-0004  5.935407E-0004  3.573229E-0004
  5.658307E-0004  2.358191E-0004  5.100753E-0004  8.263077E-0004  6.152425E-0004  3.501312E-0004
  5.150641E-0004  2.471885E-0004  4.986029E-0004  7.962803E-0004  6.642806E-0004  3.232568E-0004
  4.677978E-0004  2.591223E-0004  4.647518E-0004  6.560050E-0004  5.809661E-0004  3.088481E-0004
  5.338976E-0004  2.704938E-0004  4.838981E-0004  6.744411E-0004  5.995965E-0004  3.369104E-0004
  4.109920E-0004  2.740988E-0004  4.982453E-0004  6.620100E-0004  5.536594E-0004  2.921338E-0004
  4.351980E-0004  2.959092E-0004  5.256220E-0004  6.502324E-0004  5.258291E-0004  3.011354E-0004
  5.353787E-0004  3.663363E-0004  5.502247E-0004  5.598975E-0004  5.209895E-0004  3.418733E-0004
  5.250174E-0004  4.283544E-0004  6.541081E-0004  6.192824E-0004  6.150830E-0004  3.608994E-0004
  5.082129E-0004  3.417889E-0004  5.879747E-0004  5.632915E-0004  5.924164E-0004  3.275219E-0004
  6.035471E-0004  4.377164E-0004  7.684364E-0004  6.218472E-0004  6.975323E-0004  4.167910E-0004
  6.755462E-0004  4.801429E-0004  7.727988E-0004  6.679699E-0004  7.812281E-0004  4.443621E-0004
  7.576549E-0004  5.206876E-0004  7.598015E-0004  5.698098E-0004  7.554940E-0004  4.530973E-0004
  9.656977E-0004  5.362763E-0004  7.381003E-0004  6.943856E-0004  9.165992E-0004  5.220412E-0004
  8.377786E-0004  5.163692E-0004  7.432704E-0004  7.238563E-0004  9.156090E-0004  4.862688E-0004
  8.877126E-0004  5.441886E-0004  7.776480E-0004  7.070916E-0004  9.457347E-0004  5.269000E-0004
  9.201166E-0004  5.260158E-0004  7.680016E-0004  7.620535E-0004  1.045418E-0003  5.325761E-0004
  7.878742E-0004  4.974616E-0004  6.154078E-0004  5.978426E-0004  8.602689E-0004  4.363522E-0004
  8.732085E-0004  5.692386E-0004  6.042717E-0004  5.487871E-0004  7.781632E-0004  4.681453E-0004
  1.161112E-0003  5.675168E-0004  6.113190E-0004  6.060390E-0004  9.065029E-0004  5.553542E-0004
  8.165470E-0004  4.421855E-0004  5.484577E-0004  5.474967E-0004  6.762470E-0004  4.166932E-0004
  7.429469E-0004  3.999959E-0004  5.688731E-0004  5.603434E-0004  5.925243E-0004  4.023635E-0004
  7.908270E-0004  4.472206E-0004  6.298912E-0004  5.277012E-0004  6.645026E-0004  4.315677E-0004
  8.277961E-0004  5.144003E-0004  6.602507E-0004  5.347842E-0004  7.052836E-0004  4.445919E-0004
  7.994936E-0004  4.676682E-0004  6.185902E-0004  5.300233E-0004  6.389453E-0004  4.169744E-0004
  7.640606E-0004  4.843910E-0004  6.458090E-0004  5.829713E-0004  7.017477E-0004  4.077844E-0004
  7.381342E-0004  3.780327E-0004  5.612342E-0004  5.559797E-0004  7.383354E-0004  3.929002E-0004
  6.543905E-0004  3.480816E-0004  4.423167E-0004  4.754803E-0004  6.279928E-0004  3.361900E-0004
  6.137475E-0004  3.580124E-0004  4.012361E-0004  4.685216E-0004  5.765089E-0004  3.108438E-0004
  6.197707E-0004  3.657296E-0004  4.422958E-0004  5.234989E-0004  6.300114E-0004  3.212941E-0004
  4.593042E-0004  3.354472E-0004  4.308257E-0004  4.718748E-0004  6.122048E-0004  2.639949E-0004
  3.404284E-0004  3.027105E-0004  3.455821E-0004  3.708574E-0004  4.947946E-0004  2.024021E-0004
  3.936460E-0004  2.799545E-0004  3.285535E-0004  3.488341E-0004  4.833196E-0004  2.134686E-0004
  5.350278E-0004  2.709204E-0004  3.038653E-0004  3.866914E-0004  5.153540E-0004  2.570915E-0004
  4.885738E-0004  2.670214E-0004  2.934628E-0004  3.683189E-0004  4.863888E-0004  2.403553E-0004
  4.333384E-0004  2.746897E-0004  3.280209E-0004  3.338205E-0004  4.525285E-0004  2.281192E-0004
  3.918879E-0004  2.053429E-0004  2.840217E-0004  2.867224E-0004  3.287721E-0004  2.040384E-0004
  3.375947E-0004  1.987327E-0004  2.797854E-0004  3.480045E-0004  3.718790E-0004  1.896958E-0004
  3.983713E-0004  2.089371E-0004  2.751402E-0004  3.607270E-0004  4.117076E-0004  2.079760E-0004
  3.873613E-0004  1.982708E-0004  2.300636E-0004  3.014301E-0004  3.510444E-0004  1.884302E-0004
  3.634502E-0004  2.174652E-0004  2.307044E-0004  2.806892E-0004  3.690815E-0004  1.770681E-0004
  3.643970E-0004  2.209701E-0004  2.703807E-0004  3.466895E-0004  4.121011E-0004  1.856165E-0004
  3.803946E-0004  1.965416E-0004  2.951821E-0004  3.873955E-0004  4.350604E-0004  2.006877E-0004
  3.713570E-0004  2.010559E-0004  2.815062E-0004  3.220373E-0004  3.918687E-0004  1.895415E-0004
  3.201342E-0004  2.333299E-0004  2.668840E-0004  3.034033E-0004  3.953028E-0004  1.698723E-0004
  3.280669E-0004  2.187951E-0004  2.329497E-0004  2.758778E-0004  3.660797E-0004  1.646305E-0004
  2.844374E-0004  2.036238E-0004  2.455882E-0004  3.235233E-0004  4.195219E-0004  1.570608E-0004
  3.329570E-0004  2.220678E-0004  2.884385E-0004  3.759988E-0004  4.843161E-0004  1.885748E-0004
  3.508975E-0004  2.501772E-0004  2.592761E-0004  3.162173E-0004  4.472761E-0004  1.841261E-0004
  2.943979E-0004  2.037329E-0004  2.500668E-0004  3.156373E-0004  4.043005E-0004  1.633911E-0004
  3.841917E-0004  2.410556E-0004  2.751776E-0004  3.418327E-0004  5.420436E-0004  1.998912E-0004
  4.553126E-0004  2.330716E-0004  2.951368E-0004  4.022821E-0004  5.805975E-0004  2.310105E-0004
  3.958275E-0004  2.301049E-0004  3.025886E-0004  3.957759E-0004  5.526479E-0004  2.109805E-0004
  3.935797E-0004  1.919574E-0004  2.623455E-0004  3.683481E-0004  4.978846E-0004  1.985556E-0004
  3.821586E-0004  2.080828E-0004  2.479971E-0004  3.283635E-0004  4.958469E-0004  1.925373E-0004
  3.865252E-0004  1.926011E-0004  2.304410E-0004  2.600827E-0004  4.275146E-0004  1.878513E-0004
  3.987913E-0004  1.900833E-0004  2.604075E-0004  3.621487E-0004  4.851172E-0004  2.058593E-0004
  3.941694E-0004  2.448564E-0004  3.151275E-0004  4.109607E-0004  5.769644E-0004  2.163413E-0004
  3.876100E-0004  2.033362E-0004  2.939332E-0004  3.760575E-0004  5.134528E-0004  2.019042E-0004
  3.788497E-0004  2.164379E-0004  3.062279E-0004  4.128087E-0004  5.045537E-0004  2.058813E-0004
  3.579927E-0004  2.009451E-0004  2.869086E-0004  3.966400E-0004  4.839474E-0004  1.975240E-0004
  4.142181E-0004  2.424019E-0004  3.103042E-0004  3.770909E-0004  5.512048E-0004  2.200780E-0004
  4.800034E-0004  2.366305E-0004  3.159920E-0004  3.664030E-0004  5.408418E-0004  2.346854E-0004
  4.340514E-0004  2.345746E-0004  2.960027E-0004  3.159926E-0004  4.886830E-0004  2.130858E-0004
  3.045766E-0004  2.132819E-0004  2.383021E-0004  2.514702E-0004  4.279073E-0004  1.589808E-0004
