  9.699057E-0003  5.250752E-0003  6.843401E-0003  8.303319E-0003  6.090452E-0003  6.412582E-0003
  1.416899E-0002  6.809480E-0003  1.064005E-0002  1.533002E-0002  9.532322E-0003  1.028481E-0002
  7.468947E-0003  3.684462E-0003  5.285072E-0003  8.595478E-0003  4.608565E-0003  5.251091E-0003
  4.490525E-0003  2.200047E-0003  2.940942E-0003  4.382806E-0003  2.439064E-0003  2.901084E-0003
  3.303765E-0003  1.805877E-0003  2.522213E-0003  2.981388E-0003  1.845187E-0003  2.102046E-0003
  2.329605E-0003  1.463795E-0003  1.819591E-0003  2.093645E-0003  1.370215E-0003  1.471320E-0003
  2.326704E-0003  1.656763E-0003  2.641670E-0003  2.379631E-0003  1.612667E-0003  1.628616E-0003
  3.224496E-0003  2.458626E-0003  4.744532E-0003  3.415920E-0003  2.352916E-0003  2.338623E-0003
  2.222867E-0003  1.431030E-0003  2.323346E-0003  2.744930E-0003  1.541044E-0003  1.579145E-0003
  1.919362E-0003  1.200465E-0003  2.141807E-0003  2.619730E-0003  1.460335E-0003  1.475567E-0003
  2.001110E-0003  1.226314E-0003  2.427668E-0003  3.572143E-0003  1.664223E-0003  1.733934E-0003
  2.521029E-0003  1.258145E-0003  2.935288E-0003  6.481405E-0003  2.386352E-0003  2.654274E-0003
  3.737437E-0003  1.635391E-0003  4.651149E-0003  9.956199E-0003  3.912148E-0003  4.134761E-0003
  4.210351E-0003  1.762227E-0003  5.744737E-0003  1.223426E-0002  5.581890E-0003  4.806262E-0003
  4.221887E-0003  1.949509E-0003  6.454043E-0003  1.330518E-0002  6.232989E-0003  5.032108E-0003
  3.106083E-0003  1.724719E-0003  5.246003E-0003  9.993567E-0003  4.010812E-0003  3.816981E-0003
  2.568690E-0003  1.452729E-0003  3.669375E-0003  7.001791E-0003  2.804723E-0003  2.882049E-0003
  1.928568E-0003  1.184488E-0003  2.608899E-0003  5.205681E-0003  2.080534E-0003  2.140402E-0003
  1.552291E-0003  1.027242E-0003  2.575530E-0003  4.519765E-0003  1.736860E-0003  1.810137E-0003
  1.349607E-0003  8.475961E-0004  2.244193E-0003  3.242811E-0003  1.449213E-0003  1.388342E-0003
  9.948994E-0004  6.283795E-0004  1.448334E-0003  2.097515E-0003  1.042442E-0003  9.413542E-0004
  8.003591E-0004  4.770501E-0004  7.985412E-0004  1.211714E-0003  7.054783E-0004  6.454335E-0004
  6.468633E-0004  3.810772E-0004  5.884729E-0004  8.867806E-0004  5.337432E-0004  4.993975E-0004
  5.574315E-0004  2.882396E-0004  5.082134E-0004  7.913760E-0004  4.739370E-0004  4.229191E-0004
  5.449296E-0004  2.965129E-0004  4.679878E-0004  6.562814E-0004  4.456692E-0004  3.805311E-0004
  5.094186E-0004  3.035562E-0004  4.617720E-0004  6.201722E-0004  4.522656E-0004  3.686213E-0004
  4.882583E-0004  2.631673E-0004  4.105036E-0004  6.183357E-0004  4.425508E-0004  3.502536E-0004
  4.658476E-0004  2.334811E-0004  3.704475E-0004  5.561254E-0004  4.119658E-0004  3.295146E-0004
  4.599712E-0004  2.361929E-0004  3.713190E-0004  5.535722E-0004  4.168645E-0004  3.232450E-0004
  4.457359E-0004  2.640149E-0004  3.756205E-0004  5.569906E-0004  4.207752E-0004  3.132813E-0004
  4.627989E-0004  2.403279E-0004  3.152837E-0004  5.018364E-0004  4.030712E-0004  2.990591E-0004
  4.453698E-0004  2.229389E-0004  2.894640E-0004  4.486511E-0004  3.849372E-0004  2.827520E-0004
  4.215253E-0004  2.304993E-0004  2.803549E-0004  4.032935E-0004  3.570450E-0004  2.670562E-0004
  4.190413E-0004  2.261644E-0004  2.903717E-0004  3.978333E-0004  3.519850E-0004  2.579947E-0004
  4.000941E-0004  2.073835E-0004  2.592062E-0004  3.690950E-0004  3.343427E-0004  2.450297E-0004
  3.729388E-0004  1.997744E-0004  2.558822E-0004  3.430698E-0004  3.091538E-0004  2.342893E-0004
  4.002659E-0004  1.989996E-0004  2.685638E-0004  3.291398E-0004  3.479203E-0004  2.447710E-0004
  3.604342E-0004  1.861365E-0004  2.594076E-0004  3.192723E-0004  3.289478E-0004  2.253188E-0004
  3.794293E-0004  1.753268E-0004  2.734118E-0004  3.366290E-0004  3.491009E-0004  2.365304E-0004
  3.627132E-0004  1.762069E-0004  2.760899E-0004  3.083859E-0004  3.362174E-0004  2.283242E-0004
  3.363597E-0004  1.678224E-0004  2.206242E-0004  2.541050E-0004  2.844124E-0004  2.031829E-0004
  3.452721E-0004  1.592068E-0004  2.063664E-0004  2.373614E-0004  2.885390E-0004  1.974412E-0004
  3.300132E-0004  1.465852E-0004  1.945325E-0004  2.283286E-0004  2.845648E-0004  1.885398E-0004
  3.132792E-0004  1.373634E-0004  1.769988E-0004  2.163059E-0004  2.590528E-0004  1.749922E-0004
  3.140004E-0004  1.322652E-0004  1.817297E-0004  2.206089E-0004  2.609028E-0004  1.748836E-0004
  3.087666E-0004  1.354785E-0004  1.725262E-0004  2.065717E-0004  2.516480E-0004  1.718749E-0004
  3.030342E-0004  1.285331E-0004  1.622354E-0004  1.915285E-0004  2.540837E-0004  1.686279E-0004
  2.884349E-0004  1.264686E-0004  1.631107E-0004  1.883250E-0004  2.628041E-0004  1.603683E-0004
  2.963256E-0004  1.287489E-0004  1.599057E-0004  1.808313E-0004  2.494305E-0004  1.631682E-0004
  3.052983E-0004  1.230150E-0004  1.565563E-0004  1.774754E-0004  2.491274E-0004  1.657040E-0004
  2.873430E-0004  1.131502E-0004  1.549164E-0004  1.659442E-0004  2.500029E-0004  1.550181E-0004
  2.662517E-0004  1.049231E-0004  1.299520E-0004  1.446587E-0004  2.266825E-0004  1.393130E-0004
  2.528555E-0004  1.013371E-0004  1.236385E-0004  1.446053E-0004  2.178579E-0004  1.348597E-0004
  2.439399E-0004  9.955026E-0005  1.349701E-0004  1.574163E-0004  2.150727E-0004  1.336158E-0004
  2.246790E-0004  9.519038E-0005  1.292613E-0004  1.442821E-0004  1.974545E-0004  1.244513E-0004
  2.438892E-0004  9.392967E-0005  1.270924E-0004  1.354466E-0004  2.104366E-0004  1.278426E-0004
  2.481106E-0004  1.008346E-0004  1.241828E-0004  1.311058E-0004  2.328272E-0004  1.281121E-0004
  2.173894E-0004  9.341164E-0005  1.146659E-0004  1.270147E-0004  2.024126E-0004  1.150978E-0004
  1.923522E-0004  8.574907E-0005  1.030227E-0004  1.147836E-0004  1.666017E-0004  1.041961E-0004
  2.087549E-0004  8.560341E-0005  9.541357E-0005  1.094720E-0004  1.666199E-0004  1.072613E-0004
  2.111300E-0004  8.005391E-0005  9.031622E-0005  1.042977E-0004  1.682092E-0004  1.046596E-0004
  1.998498E-0004  7.783215E-0005  8.585284E-0005  9.623638E-0005  1.639212E-0004  1.003237E-0004
  1.896418E-0004  8.039417E-0005  8.918231E-0005  9.783061E-0005  1.661786E-0004  9.625233E-0005
  1.806223E-0004  7.604474E-0005  8.445721E-0005  9.352143E-0005  1.523888E-0004  9.077712E-0005
  1.787910E-0004  7.015282E-0005  7.928519E-0005  9.157388E-0005  1.346129E-0004  9.042740E-0005
  1.916127E-0004  7.862734E-0005  8.864510E-0005  9.696984E-0005  1.549861E-0004  9.717132E-0005
  1.865820E-0004  7.984490E-0005  8.584217E-0005  1.007641E-0004  1.522733E-0004  9.662000E-0005
  1.837177E-0004  7.530730E-0005  8.179166E-0005  9.273071E-0005  1.548988E-0004  9.309085E-0005
  1.705610E-0004  7.248804E-0005  7.309941E-0005  7.869172E-0005  1.399901E-0004  8.493846E-0005
  1.821029E-0004  7.161054E-0005  7.255828E-0005  7.872532E-0005  1.517904E-0004  8.868920E-0005
  1.716249E-0004  6.480060E-0005  7.125471E-0005  8.466194E-0005  1.467421E-0004  8.525052E-0005
  1.545176E-0004  6.625642E-0005  7.068942E-0005  8.472682E-0005  1.336811E-0004  7.848280E-0005
  1.547505E-0004  6.592832E-0005  6.719423E-0005  7.792287E-0005  1.299939E-0004  7.914154E-0005
  1.565923E-0004  6.414550E-0005  6.686151E-0005  7.602134E-0005  1.357907E-0004  7.825753E-0005
  1.710128E-0004  6.873609E-0005  7.509423E-0005  8.460914E-0005  1.479104E-0004  8.564104E-0005
  1.775636E-0004  7.193465E-0005  7.624598E-0005  8.157921E-0005  1.532838E-0004  8.830618E-0005
  1.699003E-0004  6.790633E-0005  7.034710E-0005  7.599450E-0005  1.435224E-0004  8.422731E-0005
  1.630601E-0004  6.357633E-0005  7.058662E-0005  8.034280E-0005  1.437701E-0004  8.216413E-0005
  1.651897E-0004  6.198439E-0005  6.950072E-0005  8.188267E-0005  1.565401E-0004  8.375778E-0005
  1.747484E-0004  6.040662E-0005  7.294194E-0005  9.006105E-0005  1.584340E-0004  8.862777E-0005
  1.628576E-0004  5.656803E-0005  6.951191E-0005  8.566151E-0005  1.409390E-0004  8.269572E-0005
  1.531975E-0004  5.599577E-0005  6.645232E-0005  7.660256E-0005  1.356235E-0004  7.720307E-0005
  1.635513E-0004  6.067660E-0005  6.848446E-0005  7.427239E-0005  1.419442E-0004  8.067912E-0005
  1.671932E-0004  6.158496E-0005  6.715791E-0005  7.442483E-0005  1.437890E-0004  8.261634E-0005
  1.716318E-0004  6.265914E-0005  7.023821E-0005  7.828370E-0005  1.542177E-0004  8.551306E-0005
  1.725790E-0004  5.498765E-0005  6.591043E-0005  7.639695E-0005  1.478140E-0004  8.338974E-0005
  1.690489E-0004  5.626210E-0005  6.618188E-0005  7.736000E-0005  1.475462E-0004  8.292885E-0005
  1.611677E-0004  5.503633E-0005  6.279191E-0005  7.274206E-0005  1.402201E-0004  7.982663E-0005
  1.936253E-0004  6.325035E-0005  6.989351E-0005  8.134393E-0005  1.591196E-0004  9.285707E-0005
  1.684423E-0004  5.669742E-0005  6.359744E-0005  7.391907E-0005  1.379906E-0004  8.220840E-0005
