  4.436279E-0003  2.680921E-0003  3.207418E-0003  4.281276E-0003  4.490342E-0003  2.497500E-0003
  6.003638E-0003  3.631920E-0003  4.229370E-0003  5.581395E-0003  5.986056E-0003  3.351804E-0003
  3.091157E-0003  1.870740E-0003  1.951142E-0003  2.532843E-0003  2.848807E-0003  1.667887E-0003
  2.118081E-0003  1.332133E-0003  1.250519E-0003  1.616139E-0003  1.856244E-0003  1.193487E-0003
  1.372874E-0003  8.735511E-0004  9.622777E-0004  1.270457E-0003  1.349113E-0003  8.368772E-0004
  1.116971E-0003  7.792771E-0004  8.816877E-0004  1.063804E-0003  1.025631E-0003  6.845733E-0004
  9.109266E-0004  6.889965E-0004  7.564912E-0004  8.716726E-0004  8.336353E-0004  5.685428E-0004
  7.484826E-0004  5.184797E-0004  5.504523E-0004  7.076036E-0004  6.593224E-0004  4.695440E-0004
  6.253597E-0004  4.218443E-0004  4.902977E-0004  6.289243E-0004  5.727168E-0004  4.051782E-0004
  5.600174E-0004  4.062174E-0004  4.829005E-0004  5.911922E-0004  5.346996E-0004  3.724079E-0004
  5.376926E-0004  4.016424E-0004  4.152605E-0004  5.304626E-0004  4.935396E-0004  3.533629E-0004
  5.122180E-0004  4.078220E-0004  4.267128E-0004  5.064876E-0004  4.635372E-0004  3.455646E-0004
  5.541565E-0004  4.201084E-0004  4.461391E-0004  5.233563E-0004  4.543173E-0004  3.730047E-0004
  6.361189E-0004  4.267724E-0004  4.565642E-0004  5.252180E-0004  4.666188E-0004  4.227143E-0004
  6.395708E-0004  4.297213E-0004  4.463285E-0004  5.386182E-0004  4.511959E-0004  4.460274E-0004
  5.777251E-0004  3.936091E-0004  4.387229E-0004  5.688550E-0004  4.654592E-0004  4.143584E-0004
  6.337016E-0004  4.171731E-0004  5.068376E-0004  6.573205E-0004  5.344044E-0004  4.617833E-0004
  6.797961E-0004  3.976679E-0004  5.367294E-0004  7.916861E-0004  5.705425E-0004  5.112065E-0004
  7.331203E-0004  3.769180E-0004  5.626256E-0004  9.836497E-0004  6.556567E-0004  5.637722E-0004
  8.045358E-0004  3.825520E-0004  6.786687E-0004  1.417783E-0003  7.638289E-0004  6.731578E-0004
  8.281692E-0004  3.842199E-0004  8.006680E-0004  1.776287E-0003  8.440157E-0004  7.521989E-0004
  6.818440E-0004  3.720391E-0004  9.670780E-0004  2.219948E-0003  8.230123E-0004  7.539825E-0004
  5.483048E-0004  3.526473E-0004  9.915211E-0004  2.265764E-0003  7.519930E-0004  6.934972E-0004
  4.483619E-0004  3.090566E-0004  8.295375E-0004  1.785812E-0003  6.376468E-0004  5.732631E-0004
  4.059759E-0004  2.900236E-0004  7.840900E-0004  1.685995E-0003  5.876574E-0004  5.367147E-0004
  3.893157E-0004  3.144994E-0004  8.723143E-0004  1.766883E-0003  5.826052E-0004  5.716308E-0004
  3.451635E-0004  3.355307E-0004  9.672174E-0004  1.812533E-0003  5.567269E-0004  6.094777E-0004
  3.150966E-0004  3.436698E-0004  1.052769E-0003  1.764483E-0003  5.500964E-0004  6.239936E-0004
  2.966402E-0004  3.074544E-0004  9.764169E-0004  1.787727E-0003  5.159998E-0004  5.835293E-0004
  2.961985E-0004  2.874981E-0004  8.519324E-0004  1.613147E-0003  4.997242E-0004  5.057225E-0004
  2.831748E-0004  2.433721E-0004  6.599606E-0004  1.222288E-0003  4.452858E-0004  4.029726E-0004
  2.711456E-0004  2.147953E-0004  5.686656E-0004  1.057284E-0003  4.062772E-0004  3.476840E-0004
  2.464530E-0004  1.988806E-0004  4.847396E-0004  8.821276E-0004  3.523272E-0004  2.956233E-0004
  2.154562E-0004  1.799342E-0004  4.105998E-0004  7.140561E-0004  3.087908E-0004  2.427833E-0004
  2.142322E-0004  1.770908E-0004  3.934824E-0004  6.751386E-0004  3.078612E-0004  2.379423E-0004
  2.238325E-0004  1.804207E-0004  3.662221E-0004  5.834104E-0004  2.957462E-0004  2.281808E-0004
  2.316224E-0004  1.836682E-0004  3.415419E-0004  5.530714E-0004  2.873988E-0004  2.197561E-0004
  2.276548E-0004  1.952097E-0004  3.600421E-0004  5.675794E-0004  2.847733E-0004  2.261074E-0004
  2.181829E-0004  1.938932E-0004  3.716419E-0004  5.533415E-0004  2.821735E-0004  2.218229E-0004
  2.289674E-0004  1.948872E-0004  3.797126E-0004  5.832131E-0004  2.972716E-0004  2.285936E-0004
  2.337595E-0004  1.945256E-0004  3.744691E-0004  5.359620E-0004  2.863756E-0004  2.244647E-0004
  2.454863E-0004  2.052022E-0004  3.811661E-0004  5.391429E-0004  2.936274E-0004  2.301951E-0004
  2.398715E-0004  2.115816E-0004  3.760426E-0004  5.270392E-0004  2.929851E-0004  2.242316E-0004
  2.351987E-0004  1.915576E-0004  3.359450E-0004  4.852390E-0004  2.783139E-0004  2.125999E-0004
  2.301508E-0004  1.875649E-0004  3.372912E-0004  4.959017E-0004  2.766634E-0004  2.137909E-0004
  2.264868E-0004  1.967654E-0004  3.234637E-0004  4.375689E-0004  2.649323E-0004  2.069188E-0004
  2.080966E-0004  1.930920E-0004  2.975418E-0004  3.743061E-0004  2.453937E-0004  1.898971E-0004
  2.161290E-0004  1.949278E-0004  2.882168E-0004  3.696857E-0004  2.490992E-0004  1.898365E-0004
  1.997097E-0004  1.989951E-0004  3.079836E-0004  3.922535E-0004  2.417272E-0004  1.848483E-0004
  1.968490E-0004  2.008043E-0004  2.880041E-0004  3.685258E-0004  2.322067E-0004  1.808757E-0004
  1.933563E-0004  2.031321E-0004  2.850016E-0004  3.503716E-0004  2.322803E-0004  1.772748E-0004
  2.074412E-0004  1.937059E-0004  2.567917E-0004  3.014944E-0004  2.453788E-0004  1.672172E-0004
  2.053712E-0004  1.628470E-0004  2.242406E-0004  2.864329E-0004  2.455525E-0004  1.571889E-0004
  1.948082E-0004  1.544577E-0004  2.088350E-0004  2.784761E-0004  2.295812E-0004  1.488901E-0004
  2.045317E-0004  1.583246E-0004  2.134117E-0004  2.757865E-0004  2.359646E-0004  1.551275E-0004
  1.930865E-0004  1.563983E-0004  2.188254E-0004  2.603476E-0004  2.292624E-0004  1.517300E-0004
  1.722224E-0004  1.367871E-0004  1.976116E-0004  2.273094E-0004  2.104822E-0004  1.329427E-0004
  1.616277E-0004  1.173957E-0004  1.718865E-0004  2.094779E-0004  1.947941E-0004  1.190790E-0004
  1.570679E-0004  1.037633E-0004  1.548977E-0004  1.999565E-0004  1.780401E-0004  1.113677E-0004
  1.410755E-0004  9.783189E-0005  1.500804E-0004  1.881328E-0004  1.620916E-0004  1.014030E-0004
  1.506671E-0004  1.026170E-0004  1.523479E-0004  1.841079E-0004  1.669202E-0004  1.059418E-0004
  1.493055E-0004  1.051556E-0004  1.445502E-0004  1.780994E-0004  1.556230E-0004  1.039563E-0004
  1.348115E-0004  9.665716E-0005  1.288923E-0004  1.690411E-0004  1.503966E-0004  9.581463E-0005
  1.397750E-0004  9.564382E-0005  1.299966E-0004  1.894699E-0004  1.508012E-0004  9.918392E-0005
  1.280866E-0004  9.992305E-0005  1.372825E-0004  1.983375E-0004  1.414093E-0004  9.793690E-0005
  1.218492E-0004  9.398442E-0005  1.313432E-0004  1.808127E-0004  1.344179E-0004  9.260760E-0005
  1.167245E-0004  8.475902E-0005  1.166781E-0004  1.670999E-0004  1.340211E-0004  8.502778E-0005
  1.119237E-0004  7.975580E-0005  1.090389E-0004  1.672117E-0004  1.320183E-0004  8.130805E-0005
  1.092369E-0004  6.654699E-0005  9.573791E-0005  1.459171E-0004  1.320203E-0004  7.367344E-0005
  1.033537E-0004  5.690852E-0005  8.904849E-0005  1.386689E-0004  1.230950E-0004  6.820886E-0005
  9.416014E-0005  5.386515E-0005  8.922504E-0005  1.476085E-0004  1.152472E-0004  6.589199E-0005
  9.258099E-0005  5.346105E-0005  9.020311E-0005  1.405721E-0004  1.134658E-0004  6.434011E-0005
  8.935790E-0005  4.751517E-0005  8.272920E-0005  1.332201E-0004  1.084448E-0004  6.025343E-0005
  8.966871E-0005  4.440522E-0005  7.393654E-0005  1.212691E-0004  1.080298E-0004  5.712062E-0005
  8.471679E-0005  4.498641E-0005  7.178412E-0005  1.139743E-0004  1.048462E-0004  5.537308E-0005
  7.907757E-0005  4.507870E-0005  7.224655E-0005  1.120423E-0004  1.024249E-0004  5.347050E-0005
  8.016743E-0005  4.719970E-0005  7.338952E-0005  1.077513E-0004  1.011691E-0004  5.410171E-0005
  7.729421E-0005  4.475727E-0005  7.304776E-0005  1.132193E-0004  1.002082E-0004  5.220651E-0005
  7.258023E-0005  4.246072E-0005  6.712072E-0005  1.024145E-0004  9.451187E-0005  4.863896E-0005
  6.763469E-0005  3.872277E-0005  6.119716E-0005  9.387356E-0005  8.871760E-0005  4.550453E-0005
  6.816780E-0005  3.946552E-0005  6.301991E-0005  1.003690E-0004  9.062695E-0005  4.566961E-0005
  6.755082E-0005  4.019237E-0005  6.272065E-0005  9.552210E-0005  8.862068E-0005  4.515688E-0005
  6.926931E-0005  4.144372E-0005  5.881655E-0005  8.315305E-0005  8.740235E-0005  4.385353E-0005
  6.814722E-0005  3.764204E-0005  5.676276E-0005  8.279131E-0005  8.842711E-0005  4.253805E-0005
  6.634525E-0005  3.568587E-0005  5.706527E-0005  8.491759E-0005  8.717716E-0005  4.267589E-0005
  7.224651E-0005  3.613152E-0005  5.448944E-0005  8.164287E-0005  8.875694E-0005  4.427094E-0005
  7.648389E-0005  3.729068E-0005  5.622794E-0005  8.610852E-0005  9.437510E-0005  4.628771E-0005
  6.563310E-0005  3.632566E-0005  5.279260E-0005  7.751986E-0005  8.247231E-0005  4.086798E-0005
  6.333114E-0005  3.477933E-0005  5.319820E-0005  7.493501E-0005  7.921771E-0005  3.930706E-0005
  5.770639E-0005  3.092962E-0005  4.876601E-0005  7.250597E-0005  7.504997E-0005  3.612584E-0005
