  2.697519E-0003  7.121784E-0004  7.244204E-0004  7.242397E-0004  2.473389E-0003  1.146888E-0003
  3.354732E-0003  1.205104E-0003  1.419258E-0003  1.395564E-0003  3.177324E-0003  1.704483E-0003
  9.292968E-0004  6.106196E-0004  8.156365E-0004  8.584019E-0004  1.057454E-0003  7.671620E-0004
  6.350343E-0004  4.156769E-0004  5.975791E-0004  7.043404E-0004  7.485271E-0004  6.078447E-0004
  5.608009E-0004  3.519222E-0004  5.353339E-0004  7.151913E-0004  6.585402E-0004  5.606310E-0004
  4.160839E-0004  2.840322E-0004  4.668816E-0004  6.596158E-0004  5.239468E-0004  4.675689E-0004
  3.844069E-0004  2.771637E-0004  4.580327E-0004  6.351841E-0004  4.704470E-0004  4.432355E-0004
  3.373537E-0004  2.419913E-0004  4.318620E-0004  5.062880E-0004  3.879876E-0004  3.934451E-0004
  3.677708E-0004  2.638852E-0004  5.259271E-0004  6.700925E-0004  4.510697E-0004  4.401235E-0004
  3.620881E-0004  2.637188E-0004  4.944894E-0004  5.626993E-0004  4.285067E-0004  4.175820E-0004
  3.742102E-0004  2.661181E-0004  5.195807E-0004  5.800920E-0004  4.297340E-0004  4.466026E-0004
  3.819205E-0004  2.638813E-0004  5.237222E-0004  5.506451E-0004  4.365181E-0004  4.638303E-0004
  3.535654E-0004  2.455415E-0004  5.113275E-0004  5.539403E-0004  4.178551E-0004  4.410326E-0004
  3.302740E-0004  2.452957E-0004  5.447758E-0004  6.119038E-0004  4.282330E-0004  4.618474E-0004
  2.753537E-0004  2.370589E-0004  5.585850E-0004  5.990193E-0004  3.766592E-0004  4.344645E-0004
  2.428597E-0004  2.431182E-0004  6.175679E-0004  6.672647E-0004  3.576366E-0004  4.262065E-0004
  2.484663E-0004  2.535889E-0004  6.818574E-0004  6.894381E-0004  3.776493E-0004  4.544990E-0004
  3.253720E-0004  3.630311E-0004  9.741576E-0004  9.399434E-0004  5.225700E-0004  6.121593E-0004
  5.112470E-0004  8.300400E-0004  2.244393E-0003  1.728503E-0003  9.512099E-0004  1.125292E-0003
  8.623261E-0004  1.760304E-0003  4.886509E-0003  3.464138E-0003  1.664480E-0003  2.181404E-0003
  8.114767E-0004  1.548279E-0003  4.265737E-0003  3.244309E-0003  1.521862E-0003  1.974767E-0003
  4.487175E-0004  6.866772E-0004  1.752390E-0003  1.589072E-0003  7.649397E-0004  9.482398E-0004
  2.564519E-0004  3.026009E-0004  6.773487E-0004  7.596251E-0004  4.055251E-0004  4.530778E-0004
  1.871361E-0004  1.872556E-0004  3.535718E-0004  4.522779E-0004  2.675050E-0004  2.707473E-0004
  1.476524E-0004  1.367173E-0004  2.338724E-0004  3.206216E-0004  1.971562E-0004  1.961380E-0004
  1.170778E-0004  1.036499E-0004  1.876601E-0004  2.566920E-0004  1.629509E-0004  1.556420E-0004
  1.107543E-0004  8.771637E-0005  1.577664E-0004  2.351195E-0004  1.559201E-0004  1.342582E-0004
  9.737369E-0005  7.658922E-0005  1.351571E-0004  1.906068E-0004  1.456922E-0004  1.130500E-0004
  7.790324E-0005  6.395470E-0005  1.199127E-0004  1.809684E-0004  1.183601E-0004  9.461409E-0005
  6.890847E-0005  5.823269E-0005  1.080208E-0004  1.664641E-0004  1.076045E-0004  8.432528E-0005
  7.877266E-0005  5.597334E-0005  1.055310E-0004  1.692866E-0004  1.112255E-0004  8.798798E-0005
  7.612877E-0005  5.502662E-0005  9.929916E-0005  1.527853E-0004  1.059572E-0004  8.324313E-0005
  6.924985E-0005  5.134533E-0005  8.663089E-0005  1.397197E-0004  9.820295E-0005  7.423056E-0005
  6.951091E-0005  4.891038E-0005  8.450142E-0005  1.512049E-0004  9.806851E-0005  7.387206E-0005
  6.779489E-0005  4.888509E-0005  7.898942E-0005  1.304469E-0004  9.117815E-0005  6.868090E-0005
  6.677600E-0005  4.989565E-0005  8.103559E-0005  1.310457E-0004  9.523431E-0005  6.861080E-0005
  6.194317E-0005  5.092883E-0005  7.923359E-0005  1.182435E-0004  8.901118E-0005  6.495996E-0005
  5.950005E-0005  4.986254E-0005  8.055729E-0005  1.282536E-0004  8.728322E-0005  6.502761E-0005
  5.965742E-0005  4.815380E-0005  8.365179E-0005  1.222022E-0004  8.520608E-0005  6.489629E-0005
  6.323938E-0005  5.447110E-0005  8.993768E-0005  1.268159E-0004  9.247227E-0005  7.068991E-0005
  6.574704E-0005  5.220794E-0005  8.158749E-0005  1.188024E-0004  8.687435E-0005  6.828162E-0005
  5.894351E-0005  4.590257E-0005  7.336988E-0005  1.036401E-0004  7.362927E-0005  5.750334E-0005
  5.646974E-0005  4.126302E-0005  6.681612E-0005  1.006661E-0004  6.997404E-0005  5.368541E-0005
  5.127863E-0005  3.804209E-0005  5.860470E-0005  8.927393E-0005  6.529930E-0005  4.886046E-0005
  5.019442E-0005  3.890608E-0005  5.633062E-0005  8.785792E-0005  6.336972E-0005  4.741479E-0005
  4.994536E-0005  3.567646E-0005  5.186342E-0005  8.532607E-0005  6.155809E-0005  4.547461E-0005
  4.862884E-0005  3.287945E-0005  5.099966E-0005  8.582503E-0005  5.947867E-0005  4.383929E-0005
  5.356620E-0005  3.552263E-0005  5.134600E-0005  8.121514E-0005  6.214576E-0005  4.543994E-0005
  5.011764E-0005  3.405601E-0005  4.945166E-0005  7.657347E-0005  5.966490E-0005  4.308940E-0005
  5.269247E-0005  3.306395E-0005  4.679433E-0005  7.674439E-0005  6.158771E-0005  4.281497E-0005
  7.999855E-0005  4.552999E-0005  6.042480E-0005  9.642919E-0005  8.062256E-0005  5.889207E-0005
  6.604731E-0005  4.065998E-0005  5.575376E-0005  8.789803E-0005  7.112194E-0005  5.201214E-0005
  4.979869E-0005  3.374806E-0005  4.588013E-0005  7.673511E-0005  5.820359E-0005  4.250749E-0005
  4.684449E-0005  3.023622E-0005  4.170765E-0005  7.436369E-0005  5.491105E-0005  3.926476E-0005
  4.355315E-0005  2.800209E-0005  3.971982E-0005  7.007978E-0005  5.283523E-0005  3.623705E-0005
  4.432166E-0005  3.042155E-0005  4.047404E-0005  6.528734E-0005  5.570597E-0005  3.737837E-0005
  4.336936E-0005  3.014667E-0005  4.248468E-0005  7.061740E-0005  5.495642E-0005  3.823636E-0005
  3.999613E-0005  2.719196E-0005  4.130309E-0005  7.586263E-0005  5.131364E-0005  3.598087E-0005
  3.894168E-0005  2.712111E-0005  3.986180E-0005  6.887270E-0005  4.954985E-0005  3.392416E-0005
  3.546676E-0005  2.530690E-0005  3.871718E-0005  6.400151E-0005  4.680867E-0005  3.170641E-0005
  3.642895E-0005  2.416298E-0005  3.873172E-0005  6.707565E-0005  4.757091E-0005  3.159939E-0005
  3.995976E-0005  2.354154E-0005  3.722735E-0005  6.536464E-0005  4.988218E-0005  3.244775E-0005
  3.836624E-0005  2.277386E-0005  3.546023E-0005  6.468855E-0005  4.713961E-0005  3.121127E-0005
  3.572788E-0005  2.201335E-0005  3.488268E-0005  6.448790E-0005  4.442759E-0005  3.038617E-0005
  3.711029E-0005  2.176951E-0005  3.522830E-0005  6.870980E-0005  4.723603E-0005  3.179338E-0005
  3.400056E-0005  2.003146E-0005  3.346645E-0005  6.508528E-0005  4.432110E-0005  2.939538E-0005
  3.505603E-0005  1.975002E-0005  3.123043E-0005  5.806618E-0005  4.328693E-0005  2.810115E-0005
  3.402434E-0005  1.956276E-0005  3.314058E-0005  6.153990E-0005  4.416447E-0005  2.843137E-0005
  3.403059E-0005  1.935011E-0005  3.368367E-0005  6.499105E-0005  4.399311E-0005  2.821263E-0005
  3.339001E-0005  1.849520E-0005  3.178700E-0005  6.311032E-0005  4.057547E-0005  2.779494E-0005
  3.609529E-0005  1.889787E-0005  3.116560E-0005  6.329923E-0005  4.157020E-0005  2.843305E-0005
  3.396307E-0005  1.849503E-0005  3.187868E-0005  6.226246E-0005  4.208534E-0005  2.704910E-0005
  3.414567E-0005  1.865604E-0005  3.199079E-0005  6.006392E-0005  4.388298E-0005  2.747399E-0005
  3.537427E-0005  1.814601E-0005  2.886765E-0005  5.303803E-0005  4.264542E-0005  2.631704E-0005
  3.531895E-0005  1.784142E-0005  2.855794E-0005  5.447854E-0005  4.173170E-0005  2.593697E-0005
  3.272447E-0005  1.696356E-0005  2.665135E-0005  5.170777E-0005  3.855776E-0005  2.437009E-0005
  3.039660E-0005  1.569637E-0005  2.537607E-0005  5.163756E-0005  3.547245E-0005  2.375840E-0005
  3.163217E-0005  1.614564E-0005  2.632027E-0005  5.213305E-0005  3.695139E-0005  2.424154E-0005
  3.351035E-0005  1.598917E-0005  2.569626E-0005  4.757874E-0005  3.844897E-0005  2.403531E-0005
  3.177545E-0005  1.541014E-0005  2.456387E-0005  5.042715E-0005  3.477749E-0005  2.363644E-0005
  2.943079E-0005  1.479934E-0005  2.533410E-0005  5.246053E-0005  3.376691E-0005  2.282305E-0005
  2.827097E-0005  1.476877E-0005  2.523277E-0005  5.004929E-0005  3.413817E-0005  2.179649E-0005
  2.899856E-0005  1.442931E-0005  2.469017E-0005  4.845065E-0005  3.488119E-0005  2.182226E-0005
  3.029536E-0005  1.445532E-0005  2.403870E-0005  4.849858E-0005  3.466626E-0005  2.233200E-0005
  2.879312E-0005  1.473228E-0005  2.496967E-0005  4.948374E-0005  3.396856E-0005  2.191015E-0005
  3.003807E-0005  1.438725E-0005  2.320106E-0005  4.685958E-0005  3.468567E-0005  2.142102E-0005
  3.078001E-0005  1.478052E-0005  2.350029E-0005  4.848959E-0005  3.520657E-0005  2.211622E-0005
  2.907284E-0005  1.424645E-0005  2.401348E-0005  5.201044E-0005  3.421900E-0005  2.185368E-0005
  2.946331E-0005  1.437157E-0005  2.356681E-0005  5.051667E-0005  3.480020E-0005  2.177726E-0005
  2.717459E-0005  1.317411E-0005  2.124910E-0005  4.451522E-0005  3.250623E-0005  1.960779E-0005
