  6.702657E-0003  5.916248E-0003  7.059898E-0003  6.009326E-0003  3.680819E-0003  3.901413E-0003
  8.789566E-0003  8.357284E-0003  1.011660E-0002  8.110096E-0003  4.975236E-0003  5.299539E-0003
  2.369042E-0003  2.567478E-0003  3.933134E-0003  3.257398E-0003  1.816413E-0003  1.939738E-0003
  1.246675E-0003  1.655535E-0003  2.797347E-0003  2.213510E-0003  1.218457E-0003  1.203942E-0003
  7.962312E-0004  1.234711E-0003  2.179026E-0003  1.952500E-0003  9.175260E-0004  8.475509E-0004
  7.464096E-0004  9.906557E-0004  1.834041E-0003  1.452097E-0003  7.185782E-0004  7.220371E-0004
  5.188312E-0004  7.221207E-0004  1.209078E-0003  9.427525E-0004  4.404115E-0004  5.413118E-0004
  5.369223E-0004  6.863027E-0004  9.060733E-0004  8.639013E-0004  3.712585E-0004  5.203568E-0004
  4.951013E-0004  6.123363E-0004  8.753621E-0004  8.837584E-0004  3.765952E-0004  5.311169E-0004
  4.874668E-0004  6.117997E-0004  9.218707E-0004  8.848822E-0004  4.184219E-0004  5.407007E-0004
  5.048452E-0004  5.736375E-0004  8.224354E-0004  9.008257E-0004  4.013243E-0004  4.982041E-0004
  3.670513E-0004  4.627992E-0004  7.438565E-0004  8.664906E-0004  3.441028E-0004  4.126084E-0004
  2.788699E-0004  3.962122E-0004  6.650841E-0004  8.447233E-0004  2.658362E-0004  3.473660E-0004
  2.815014E-0004  3.708885E-0004  7.044702E-0004  8.699670E-0004  2.821390E-0004  3.460548E-0004
  2.720369E-0004  3.679255E-0004  7.506889E-0004  8.030843E-0004  2.849071E-0004  3.581056E-0004
  2.359230E-0004  3.501114E-0004  7.744614E-0004  9.487502E-0004  2.704525E-0004  3.731306E-0004
  2.305782E-0004  3.419430E-0004  8.527950E-0004  1.142800E-0003  3.419917E-0004  4.239278E-0004
  2.239455E-0004  3.238597E-0004  7.512996E-0004  1.031689E-0003  3.355570E-0004  4.053419E-0004
  2.565659E-0004  3.481476E-0004  9.174785E-0004  1.322368E-0003  3.789987E-0004  4.854265E-0004
  2.274670E-0004  3.473547E-0004  1.052374E-0003  1.568943E-0003  4.304026E-0004  5.067126E-0004
  1.917902E-0004  3.194501E-0004  9.362003E-0004  1.305426E-0003  3.661953E-0004  4.669579E-0004
  1.654725E-0004  2.801089E-0004  7.351102E-0004  1.025806E-0003  2.891614E-0004  3.661145E-0004
  1.721272E-0004  2.691167E-0004  6.999939E-0004  9.012375E-0004  2.779038E-0004  3.562875E-0004
  1.967803E-0004  3.801716E-0004  1.156297E-0003  1.261780E-0003  3.746338E-0004  4.566590E-0004
  1.611298E-0004  3.971051E-0004  1.183374E-0003  1.138560E-0003  3.427567E-0004  3.962880E-0004
  1.499579E-0004  3.608202E-0004  9.744318E-0004  1.051234E-0003  3.156421E-0004  3.847278E-0004
  1.671217E-0004  3.716411E-0004  1.040753E-0003  1.036371E-0003  3.143215E-0004  4.188115E-0004
  1.873867E-0004  3.817200E-0004  1.134038E-0003  1.179934E-0003  3.719277E-0004  4.385090E-0004
  1.770446E-0004  4.046568E-0004  1.291435E-0003  1.259873E-0003  4.157948E-0004  4.493928E-0004
  1.661954E-0004  3.695439E-0004  1.135679E-0003  1.186796E-0003  3.591191E-0004  4.162269E-0004
  1.483354E-0004  3.494904E-0004  1.041200E-0003  1.106192E-0003  3.167250E-0004  4.318068E-0004
  1.953902E-0004  4.476241E-0004  1.301689E-0003  1.171852E-0003  3.711529E-0004  4.664160E-0004
  1.660512E-0004  3.636058E-0004  9.474207E-0004  1.142230E-0003  3.397405E-0004  4.112364E-0004
  1.254744E-0004  3.226379E-0004  9.268376E-0004  1.039105E-0003  3.196919E-0004  3.916519E-0004
  1.431669E-0004  3.049157E-0004  8.384223E-0004  1.018990E-0003  2.766554E-0004  3.653273E-0004
  1.385006E-0004  3.053217E-0004  7.829131E-0004  9.794481E-0004  2.709318E-0004  3.506943E-0004
  1.277070E-0004  2.522447E-0004  6.667898E-0004  9.776331E-0004  2.655088E-0004  3.235496E-0004
  1.482245E-0004  2.856324E-0004  6.996831E-0004  8.079486E-0004  2.654720E-0004  3.183081E-0004
  1.480786E-0004  2.742331E-0004  6.498313E-0004  6.289191E-0004  2.280920E-0004  2.879954E-0004
  1.390585E-0004  2.664346E-0004  6.875772E-0004  7.273898E-0004  2.271731E-0004  2.967278E-0004
  1.243786E-0004  2.583293E-0004  6.437161E-0004  6.725306E-0004  2.185536E-0004  2.768032E-0004
  1.270662E-0004  2.290582E-0004  5.480995E-0004  6.222373E-0004  1.990731E-0004  2.360823E-0004
  1.218824E-0004  1.992434E-0004  5.015503E-0004  6.190268E-0004  1.839885E-0004  2.229812E-0004
  1.099873E-0004  1.868250E-0004  4.339317E-0004  5.001310E-0004  1.467798E-0004  1.890390E-0004
  1.009559E-0004  1.888797E-0004  4.672675E-0004  5.285569E-0004  1.509701E-0004  1.898804E-0004
  1.037242E-0004  1.761196E-0004  4.302705E-0004  4.896497E-0004  1.528830E-0004  1.849019E-0004
  1.065159E-0004  1.673966E-0004  3.812580E-0004  3.967063E-0004  1.298685E-0004  1.655196E-0004
  1.170582E-0004  1.668553E-0004  3.662846E-0004  3.802427E-0004  1.315418E-0004  1.583457E-0004
  1.065980E-0004  1.533389E-0004  3.342902E-0004  3.595113E-0004  1.437423E-0004  1.477544E-0004
  1.085956E-0004  1.303802E-0004  2.640734E-0004  3.185557E-0004  1.182455E-0004  1.292503E-0004
  9.668236E-0005  1.189463E-0004  2.396268E-0004  2.681863E-0004  1.009880E-0004  1.121099E-0004
  7.147868E-0005  1.023747E-0004  1.927357E-0004  1.860775E-0004  6.997507E-0005  8.434126E-0005
  7.654341E-0005  1.041614E-0004  2.052322E-0004  2.121975E-0004  8.178927E-0005  9.280234E-0005
  7.447317E-0005  9.992822E-0005  2.050533E-0004  2.332762E-0004  8.072556E-0005  9.616936E-0005
  8.637344E-0005  1.075324E-0004  2.000460E-0004  1.863927E-0004  7.912119E-0005  9.298626E-0005
  9.857918E-0005  1.004452E-0004  1.587466E-0004  1.710968E-0004  6.787199E-0005  9.146648E-0005
  7.482478E-0005  7.970025E-0005  1.244048E-0004  1.617967E-0004  6.160386E-0005  7.220817E-0005
  6.210426E-0005  7.349728E-0005  1.165866E-0004  1.477359E-0004  5.882252E-0005  6.308305E-0005
  6.445748E-0005  7.797419E-0005  1.292863E-0004  1.350789E-0004  5.398421E-0005  6.593982E-0005
  6.941791E-0005  7.277066E-0005  1.369114E-0004  1.161752E-0004  5.575619E-0005  6.430395E-0005
  6.602125E-0005  7.603842E-0005  1.417478E-0004  1.468684E-0004  5.880361E-0005  6.810830E-0005
  5.850934E-0005  6.909939E-0005  1.232628E-0004  1.315448E-0004  5.273324E-0005  5.953950E-0005
  6.594643E-0005  6.169965E-0005  1.132247E-0004  1.236271E-0004  5.228825E-0005  5.948220E-0005
  6.678804E-0005  6.638830E-0005  1.072865E-0004  1.112836E-0004  5.507004E-0005  5.689392E-0005
  5.687670E-0005  6.226695E-0005  1.051749E-0004  1.258840E-0004  5.018540E-0005  5.555675E-0005
  6.031239E-0005  6.456537E-0005  1.172943E-0004  1.206955E-0004  4.926215E-0005  5.763671E-0005
  5.664124E-0005  6.118682E-0005  1.002460E-0004  9.672494E-0005  4.226131E-0005  5.129820E-0005
  6.440885E-0005  6.031330E-0005  9.042588E-0005  9.223109E-0005  4.025494E-0005  4.996730E-0005
  6.030288E-0005  5.470041E-0005  9.351070E-0005  1.022574E-0004  4.351477E-0005  5.021350E-0005
  4.620176E-0005  5.197872E-0005  8.330162E-0005  8.993183E-0005  3.888475E-0005  4.459267E-0005
  3.896429E-0005  4.844290E-0005  8.333967E-0005  8.179557E-0005  3.541579E-0005  4.019721E-0005
  4.059914E-0005  4.796746E-0005  7.665700E-0005  7.995489E-0005  3.296858E-0005  3.773764E-0005
  4.190004E-0005  4.620133E-0005  7.500534E-0005  8.542518E-0005  3.516138E-0005  3.954478E-0005
  4.624208E-0005  4.501576E-0005  7.632231E-0005  8.312520E-0005  3.709242E-0005  3.926620E-0005
  3.824330E-0005  4.331552E-0005  8.198792E-0005  8.916102E-0005  3.556364E-0005  3.926734E-0005
  4.311877E-0005  4.679613E-0005  7.537789E-0005  6.823915E-0005  3.464419E-0005  3.607653E-0005
  4.671625E-0005  4.295952E-0005  6.782726E-0005  6.218051E-0005  3.437509E-0005  3.454382E-0005
  4.080579E-0005  3.703482E-0005  6.281458E-0005  6.569387E-0005  3.487055E-0005  3.265992E-0005
  4.365665E-0005  3.781117E-0005  5.814901E-0005  7.414250E-0005  3.647106E-0005  3.297092E-0005
  4.316288E-0005  3.805140E-0005  5.436442E-0005  7.554812E-0005  3.051887E-0005  3.153617E-0005
  3.796405E-0005  3.650205E-0005  5.626872E-0005  6.863763E-0005  3.111673E-0005  3.071172E-0005
  3.228732E-0005  3.401154E-0005  5.461152E-0005  6.806304E-0005  2.972101E-0005  2.886424E-0005
  3.746864E-0005  3.572845E-0005  5.752507E-0005  6.728246E-0005  3.261546E-0005  2.995169E-0005
  4.762618E-0005  3.768662E-0005  6.059595E-0005  7.050632E-0005  3.632717E-0005  3.410308E-0005
  4.473307E-0005  3.479451E-0005  5.207307E-0005  6.243687E-0005  3.634036E-0005  3.244732E-0005
  4.305956E-0005  3.639883E-0005  4.956995E-0005  5.264869E-0005  3.002868E-0005  2.905444E-0005
  3.358624E-0005  3.164945E-0005  4.488379E-0005  4.596328E-0005  2.409014E-0005  2.480651E-0005
  3.850081E-0005  3.675363E-0005  5.514061E-0005  5.954054E-0005  2.707069E-0005  2.974170E-0005
  3.893652E-0005  3.681098E-0005  5.834012E-0005  6.008682E-0005  3.001069E-0005  2.921171E-0005
  2.889053E-0005  2.955593E-0005  5.185694E-0005  5.248734E-0005  2.736438E-0005  2.376493E-0005
