  6.719245E-0003  2.541230E-0003  2.922253E-0003  2.258602E-0003  4.816446E-0003  3.462858E-0003
  1.112272E-0002  4.462840E-0003  5.689711E-0003  4.372539E-0003  8.825344E-0003  6.003172E-0003
  5.968026E-0003  2.604018E-0003  3.412685E-0003  2.742895E-0003  5.106787E-0003  3.478808E-0003
  3.826277E-0003  1.676373E-0003  2.055289E-0003  1.819052E-0003  3.207909E-0003  2.292182E-0003
  3.029986E-0003  1.354713E-0003  1.593603E-0003  1.325012E-0003  2.470677E-0003  1.754768E-0003
  2.435375E-0003  1.179016E-0003  1.293131E-0003  1.085824E-0003  2.044304E-0003  1.451329E-0003
  1.857424E-0003  1.002032E-0003  1.157506E-0003  1.009973E-0003  1.739817E-0003  1.183334E-0003
  1.439407E-0003  8.764680E-0004  9.930602E-0004  8.345672E-0004  1.355149E-0003  9.504738E-0004
  1.355132E-0003  8.454632E-0004  9.495552E-0004  8.101893E-0004  1.269344E-0003  9.042707E-0004
  1.250033E-0003  8.408303E-0004  9.161314E-0004  7.498665E-0004  1.203822E-0003  8.369877E-0004
  1.332736E-0003  9.409159E-0004  9.425321E-0004  7.078607E-0004  1.194324E-0003  8.714799E-0004
  1.545855E-0003  1.177118E-0003  1.180469E-0003  8.849686E-0004  1.437710E-0003  1.063489E-0003
  1.752581E-0003  1.497101E-0003  1.468909E-0003  1.108663E-0003  1.743792E-0003  1.255087E-0003
  1.955410E-0003  1.835034E-0003  1.891559E-0003  1.525889E-0003  2.134954E-0003  1.509053E-0003
  2.271538E-0003  1.904126E-0003  2.156307E-0003  1.828134E-0003  2.513887E-0003  1.732916E-0003
  3.035694E-0003  2.313994E-0003  3.082904E-0003  2.671493E-0003  3.628932E-0003  2.391418E-0003
  3.386374E-0003  3.059046E-0003  4.785460E-0003  4.538043E-0003  5.298068E-0003  3.376269E-0003
  3.407345E-0003  3.365610E-0003  5.179312E-0003  4.793243E-0003  5.793891E-0003  3.466638E-0003
  3.102664E-0003  3.307608E-0003  4.728886E-0003  4.432159E-0003  5.398056E-0003  3.210592E-0003
  2.390659E-0003  2.612268E-0003  3.561257E-0003  3.299281E-0003  4.212925E-0003  2.446025E-0003
  1.839213E-0003  2.041594E-0003  2.755547E-0003  2.376357E-0003  3.023587E-0003  1.820183E-0003
  1.683788E-0003  1.835479E-0003  2.370060E-0003  1.941459E-0003  2.456947E-0003  1.556002E-0003
  1.641028E-0003  1.595071E-0003  1.885341E-0003  1.596917E-0003  2.131053E-0003  1.328729E-0003
  1.502373E-0003  1.519111E-0003  1.787739E-0003  1.446238E-0003  1.947106E-0003  1.207524E-0003
  1.402438E-0003  1.491748E-0003  1.632032E-0003  1.235578E-0003  1.663693E-0003  1.104264E-0003
  1.509210E-0003  1.508143E-0003  1.526999E-0003  1.120500E-0003  1.614780E-0003  1.090681E-0003
  1.396558E-0003  1.358018E-0003  1.342160E-0003  1.027848E-0003  1.479915E-0003  1.016283E-0003
  1.453722E-0003  1.390729E-0003  1.371269E-0003  1.021651E-0003  1.520226E-0003  1.044300E-0003
  1.634763E-0003  1.426117E-0003  1.351963E-0003  9.623076E-0004  1.562263E-0003  1.057818E-0003
  1.711666E-0003  1.422458E-0003  1.269399E-0003  9.385309E-0004  1.586043E-0003  1.061914E-0003
  1.619420E-0003  1.356304E-0003  1.180889E-0003  8.318013E-0004  1.537088E-0003  9.973402E-0004
  1.538112E-0003  1.350130E-0003  1.061404E-0003  7.569891E-0004  1.536607E-0003  9.286277E-0004
  1.761394E-0003  1.441338E-0003  1.077189E-0003  7.823943E-0004  1.626982E-0003  9.897957E-0004
  1.860285E-0003  1.460181E-0003  1.123669E-0003  8.447432E-0004  1.657801E-0003  1.018286E-0003
  1.900859E-0003  1.504777E-0003  1.160551E-0003  8.888195E-0004  1.775702E-0003  1.060840E-0003
  2.134536E-0003  1.529456E-0003  1.125310E-0003  8.690057E-0004  1.987452E-0003  1.119257E-0003
  2.070765E-0003  1.423635E-0003  1.030603E-0003  8.017832E-0004  1.928913E-0003  1.030723E-0003
  2.164811E-0003  1.318756E-0003  9.242535E-0004  7.546742E-0004  1.916734E-0003  1.035369E-0003
  2.583581E-0003  1.369554E-0003  8.755249E-0004  7.413649E-0004  2.116934E-0003  1.133765E-0003
  2.418345E-0003  1.290650E-0003  8.525460E-0004  7.357100E-0004  2.116110E-0003  1.046649E-0003
  2.419456E-0003  1.288490E-0003  8.432353E-0004  7.382696E-0004  2.097575E-0003  1.027897E-0003
  2.286840E-0003  1.178540E-0003  7.707856E-0004  7.248663E-0004  1.983225E-0003  9.617379E-0004
  2.210069E-0003  1.124156E-0003  7.812158E-0004  7.614809E-0004  2.027299E-0003  9.404222E-0004
  2.160967E-0003  1.081093E-0003  7.446135E-0004  7.340177E-0004  2.077462E-0003  9.196355E-0004
  1.919761E-0003  9.703738E-0004  6.661100E-0004  6.479338E-0004  1.803328E-0003  8.298660E-0004
  2.028560E-0003  9.907865E-0004  6.684937E-0004  6.641024E-0004  1.744792E-0003  8.461458E-0004
  2.360988E-0003  1.036238E-0003  6.480677E-0004  6.855945E-0004  1.984023E-0003  9.321379E-0004
  2.135787E-0003  9.113410E-0004  5.724970E-0004  6.355965E-0004  1.942150E-0003  8.397902E-0004
  1.653718E-0003  8.019445E-0004  5.605540E-0004  6.177676E-0004  1.634867E-0003  7.027210E-0004
  2.066516E-0003  8.785009E-0004  5.747097E-0004  6.469064E-0004  1.720551E-0003  8.314320E-0004
  2.026606E-0003  8.530652E-0004  5.435628E-0004  6.092102E-0004  1.682623E-0003  8.076014E-0004
  1.539346E-0003  7.074303E-0004  5.268907E-0004  5.741308E-0004  1.502335E-0003  6.666733E-0004
  1.516853E-0003  6.663100E-0004  5.194032E-0004  5.580070E-0004  1.487090E-0003  6.676790E-0004
  1.420498E-0003  6.468124E-0004  5.019014E-0004  5.615134E-0004  1.357064E-0003  6.314139E-0004
  1.505542E-0003  6.693542E-0004  4.939245E-0004  5.583673E-0004  1.425697E-0003  6.467231E-0004
  1.577534E-0003  6.271303E-0004  4.536943E-0004  5.167827E-0004  1.439818E-0003  6.535809E-0004
  1.217003E-0003  5.332133E-0004  4.262450E-0004  5.066295E-0004  1.244586E-0003  5.325250E-0004
  1.183125E-0003  5.345191E-0004  4.341558E-0004  5.246585E-0004  1.223625E-0003  5.089084E-0004
  1.312825E-0003  5.580961E-0004  4.209057E-0004  4.896805E-0004  1.272680E-0003  5.408024E-0004
  1.413092E-0003  5.533848E-0004  4.269957E-0004  5.080862E-0004  1.377521E-0003  5.902402E-0004
  1.302638E-0003  4.862883E-0004  4.110573E-0004  5.167132E-0004  1.298520E-0003  5.500525E-0004
  1.208895E-0003  4.812815E-0004  4.115977E-0004  5.158489E-0004  1.272006E-0003  5.034042E-0004
  1.264251E-0003  5.065653E-0004  3.959728E-0004  4.714854E-0004  1.256559E-0003  5.236770E-0004
  1.194773E-0003  4.963588E-0004  4.075594E-0004  4.886329E-0004  1.205925E-0003  5.124898E-0004
  1.117770E-0003  4.771115E-0004  4.366699E-0004  5.427070E-0004  1.235432E-0003  4.852711E-0004
  1.279655E-0003  5.079476E-0004  4.254390E-0004  5.226760E-0004  1.299422E-0003  5.296071E-0004
  1.235960E-0003  5.086621E-0004  4.297671E-0004  5.490697E-0004  1.267646E-0003  5.273502E-0004
  1.091207E-0003  4.786149E-0004  4.202909E-0004  5.491519E-0004  1.193183E-0003  4.743248E-0004
  1.170711E-0003  4.926680E-0004  4.059684E-0004  5.147581E-0004  1.285233E-0003  4.894425E-0004
  1.242698E-0003  5.108114E-0004  3.956808E-0004  5.067370E-0004  1.358464E-0003  5.273035E-0004
  1.309534E-0003  5.257047E-0004  4.045705E-0004  5.068931E-0004  1.334659E-0003  5.393079E-0004
  1.297695E-0003  5.238423E-0004  4.108605E-0004  5.228407E-0004  1.302936E-0003  5.419984E-0004
  1.304198E-0003  4.894852E-0004  3.982207E-0004  4.978509E-0004  1.343432E-0003  5.232269E-0004
  1.319450E-0003  4.932536E-0004  4.262899E-0004  5.610764E-0004  1.459457E-0003  5.384170E-0004
  1.463806E-0003  5.249232E-0004  4.253154E-0004  5.403806E-0004  1.485536E-0003  5.789026E-0004
  1.304077E-0003  5.063848E-0004  4.309339E-0004  5.408571E-0004  1.392339E-0003  5.226924E-0004
  1.294303E-0003  5.240057E-0004  4.256454E-0004  5.329002E-0004  1.408801E-0003  5.146379E-0004
  1.366611E-0003  5.395764E-0004  4.513406E-0004  5.830885E-0004  1.496693E-0003  5.540564E-0004
  1.374415E-0003  5.344829E-0004  4.304998E-0004  5.724084E-0004  1.413435E-0003  5.468419E-0004
  1.368097E-0003  5.398341E-0004  3.918613E-0004  4.924010E-0004  1.332827E-0003  5.389007E-0004
  1.420662E-0003  5.635048E-0004  4.252086E-0004  5.436088E-0004  1.498804E-0003  5.745993E-0004
  1.294123E-0003  5.133769E-0004  4.342467E-0004  5.686342E-0004  1.405219E-0003  5.341375E-0004
  1.305583E-0003  5.167040E-0004  4.095802E-0004  5.443588E-0004  1.312629E-0003  5.189691E-0004
  1.404259E-0003  5.235320E-0004  4.021678E-0004  5.422357E-0004  1.402928E-0003  5.525268E-0004
  1.241026E-0003  4.964132E-0004  4.244226E-0004  5.841345E-0004  1.422405E-0003  5.016187E-0004
  1.287415E-0003  5.068255E-0004  4.309250E-0004  5.826126E-0004  1.454676E-0003  5.214667E-0004
  1.333189E-0003  5.272533E-0004  4.224371E-0004  5.695955E-0004  1.472272E-0003  5.470743E-0004
  1.389394E-0003  5.380412E-0004  4.052076E-0004  5.117141E-0004  1.489845E-0003  5.404616E-0004
  1.266738E-0003  4.626430E-0004  3.615426E-0004  4.459381E-0004  1.344577E-0003  4.935369E-0004
  1.145210E-0003  4.237976E-0004  3.184094E-0004  4.007812E-0004  1.219882E-0003  4.459994E-0004
