  2.692283E-0002  1.729124E-0002  1.366246E-0002  1.089395E-0002  1.624864E-0002  1.061824E-0002
  3.664076E-0002  2.657289E-0002  2.140422E-0002  1.714437E-0002  2.214230E-0002  1.502442E-0002
  1.162672E-0002  7.894550E-0003  7.804074E-0003  6.825757E-0003  7.703581E-0003  5.365893E-0003
  6.073811E-0003  4.334950E-0003  4.506982E-0003  3.911656E-0003  4.120176E-0003  2.957645E-0003
  3.680942E-0003  2.280276E-0003  2.605192E-0003  2.737740E-0003  2.619736E-0003  1.899959E-0003
  2.708916E-0003  1.731909E-0003  2.173835E-0003  2.308929E-0003  1.907346E-0003  1.521640E-0003
  2.388495E-0003  1.360311E-0003  1.904356E-0003  2.123235E-0003  1.688687E-0003  1.443603E-0003
  2.247605E-0003  1.212943E-0003  1.664553E-0003  1.926820E-0003  1.491292E-0003  1.398873E-0003
  2.066020E-0003  1.089532E-0003  1.542966E-0003  1.717971E-0003  1.295697E-0003  1.331835E-0003
  1.616457E-0003  9.458199E-0004  1.406549E-0003  1.591088E-0003  1.093018E-0003  1.100308E-0003
  1.175174E-0003  7.849059E-0004  1.254080E-0003  1.493496E-0003  9.041086E-0004  8.809413E-0004
  1.016365E-0003  7.024185E-0004  1.206525E-0003  1.568303E-0003  8.257376E-0004  8.009076E-0004
  8.889580E-0004  6.148926E-0004  1.225080E-0003  1.680125E-0003  7.769450E-0004  7.692866E-0004
  7.755045E-0004  5.212293E-0004  1.189457E-0003  1.681871E-0003  7.470161E-0004  7.249640E-0004
  7.133621E-0004  5.326085E-0004  1.276408E-0003  1.825464E-0003  7.573910E-0004  7.367237E-0004
  7.805291E-0004  5.226326E-0004  1.320218E-0003  1.916662E-0003  8.139890E-0004  8.053147E-0004
  8.279160E-0004  5.425898E-0004  1.416208E-0003  2.061499E-0003  8.744447E-0004  8.723601E-0004
  8.679632E-0004  5.282465E-0004  1.344890E-0003  1.923581E-0003  8.568320E-0004  8.517577E-0004
  8.540503E-0004  5.174652E-0004  1.329740E-0003  1.969053E-0003  8.278202E-0004  8.454287E-0004
  8.034949E-0004  5.617924E-0004  1.407437E-0003  2.013336E-0003  8.245045E-0004  8.453785E-0004
  8.009890E-0004  5.993918E-0004  1.600471E-0003  2.251228E-0003  8.308964E-0004  8.979951E-0004
  7.575597E-0004  5.928983E-0004  1.587886E-0003  2.254157E-0003  8.387900E-0004  8.957921E-0004
  7.231819E-0004  5.955672E-0004  1.632262E-0003  2.201828E-0003  8.335739E-0004  8.720421E-0004
  7.048069E-0004  6.086266E-0004  1.700465E-0003  2.162539E-0003  8.016388E-0004  8.736981E-0004
  6.336740E-0004  5.824320E-0004  1.680140E-0003  1.958454E-0003  7.190745E-0004  8.230253E-0004
  5.645796E-0004  5.517086E-0004  1.491900E-0003  1.833872E-0003  6.969588E-0004  7.501281E-0004
  5.801670E-0004  5.557826E-0004  1.522355E-0003  1.889315E-0003  7.217377E-0004  7.661806E-0004
  5.432990E-0004  5.534750E-0004  1.530455E-0003  1.843298E-0003  6.653143E-0004  7.333087E-0004
  4.897531E-0004  5.882800E-0004  1.663440E-0003  1.885025E-0003  6.390568E-0004  7.644035E-0004
  4.934388E-0004  6.130761E-0004  1.770221E-0003  1.906733E-0003  6.838423E-0004  7.742849E-0004
  4.860788E-0004  5.506915E-0004  1.504431E-0003  1.686910E-0003  6.113666E-0004  7.214693E-0004
  4.505680E-0004  4.958942E-0004  1.367479E-0003  1.560774E-0003  5.595551E-0004  6.504715E-0004
  4.231734E-0004  4.634062E-0004  1.336052E-0003  1.508877E-0003  5.431852E-0004  6.223151E-0004
  4.186401E-0004  4.573695E-0004  1.260813E-0003  1.299505E-0003  5.005948E-0004  5.794069E-0004
  3.919682E-0004  4.425260E-0004  1.165843E-0003  1.172637E-0003  4.524705E-0004  5.236424E-0004
  3.500762E-0004  4.008813E-0004  1.028625E-0003  1.050221E-0003  4.182391E-0004  4.678712E-0004
  3.521651E-0004  4.103322E-0004  1.054452E-0003  1.011310E-0003  4.108915E-0004  4.682353E-0004
  3.721175E-0004  3.650891E-0004  9.283216E-0004  9.213671E-0004  3.827147E-0004  4.517274E-0004
  3.562730E-0004  3.446464E-0004  9.004030E-0004  8.964782E-0004  3.723979E-0004  4.350819E-0004
  3.381764E-0004  3.351277E-0004  8.144074E-0004  7.543708E-0004  3.339127E-0004  3.819656E-0004
  3.044795E-0004  3.071903E-0004  7.395829E-0004  6.458139E-0004  3.011696E-0004  3.462199E-0004
  2.808728E-0004  2.793067E-0004  6.729297E-0004  5.865045E-0004  2.699785E-0004  3.181776E-0004
  2.804084E-0004  2.551316E-0004  5.669282E-0004  5.448229E-0004  2.528489E-0004  2.841360E-0004
  2.437631E-0004  2.150685E-0004  5.035025E-0004  5.423782E-0004  2.409122E-0004  2.567297E-0004
  2.290404E-0004  2.036259E-0004  4.625775E-0004  5.460596E-0004  2.372425E-0004  2.461585E-0004
  2.470471E-0004  2.048628E-0004  4.539456E-0004  5.218025E-0004  2.349500E-0004  2.445343E-0004
  2.429021E-0004  1.703883E-0004  3.793330E-0004  4.127990E-0004  2.125248E-0004  2.114036E-0004
  2.295182E-0004  1.596197E-0004  3.564289E-0004  3.709479E-0004  1.899776E-0004  1.995698E-0004
  2.145133E-0004  1.478946E-0004  3.147131E-0004  3.293445E-0004  1.790014E-0004  1.797374E-0004
  1.895487E-0004  1.386718E-0004  2.959029E-0004  3.027007E-0004  1.614807E-0004  1.651090E-0004
  1.758242E-0004  1.372988E-0004  2.898524E-0004  2.902262E-0004  1.448637E-0004  1.607005E-0004
  1.716984E-0004  1.311966E-0004  2.706696E-0004  2.508778E-0004  1.394406E-0004  1.459585E-0004
  1.638951E-0004  1.288812E-0004  2.612585E-0004  2.587000E-0004  1.337830E-0004  1.404061E-0004
  1.693037E-0004  1.203716E-0004  2.432625E-0004  2.555827E-0004  1.397499E-0004  1.385571E-0004
  1.587567E-0004  1.112627E-0004  2.328866E-0004  2.303007E-0004  1.399449E-0004  1.297578E-0004
  1.396755E-0004  1.019738E-0004  2.112524E-0004  2.015147E-0004  1.181058E-0004  1.160983E-0004
  1.371709E-0004  9.423804E-0005  1.753784E-0004  1.745387E-0004  1.055435E-0004  1.051065E-0004
  1.445201E-0004  9.454204E-0005  1.802577E-0004  1.722340E-0004  1.089842E-0004  1.075095E-0004
  1.370990E-0004  9.010485E-0005  1.646417E-0004  1.580783E-0004  1.053931E-0004  9.798934E-0005
  1.304878E-0004  8.233051E-0005  1.512466E-0004  1.444589E-0004  1.025478E-0004  8.984742E-0005
  1.314035E-0004  7.930543E-0005  1.499031E-0004  1.398592E-0004  1.023233E-0004  9.119113E-0005
  1.192879E-0004  7.818369E-0005  1.416985E-0004  1.342186E-0004  9.607038E-0005  8.463781E-0005
  1.218875E-0004  7.128654E-0005  1.341769E-0004  1.366905E-0004  9.289342E-0005  8.160372E-0005
  1.258727E-0004  6.698889E-0005  1.199192E-0004  1.259875E-0004  8.827251E-0005  7.842835E-0005
  1.102402E-0004  6.402106E-0005  1.129493E-0004  1.179305E-0004  8.218495E-0005  7.198253E-0005
  1.020618E-0004  6.039841E-0005  1.062548E-0004  1.042821E-0004  7.551705E-0005  6.702259E-0005
  1.039404E-0004  6.058803E-0005  9.970580E-0005  1.014723E-0004  7.210498E-0005  6.509929E-0005
  1.001620E-0004  6.064351E-0005  1.013838E-0004  1.009893E-0004  6.995623E-0005  6.496340E-0005
  9.938880E-0005  5.475997E-0005  9.513964E-0005  9.438896E-0005  7.149873E-0005  6.133786E-0005
  1.042764E-0004  5.450123E-0005  8.727283E-0005  8.726215E-0005  7.440679E-0005  5.904676E-0005
  9.775015E-0005  5.127171E-0005  7.894198E-0005  7.836092E-0005  6.944735E-0005  5.343484E-0005
  8.972059E-0005  5.113972E-0005  8.277004E-0005  8.276578E-0005  6.456376E-0005  5.289577E-0005
  8.845267E-0005  4.735900E-0005  7.873636E-0005  8.342892E-0005  6.105281E-0005  5.199564E-0005
  8.168262E-0005  4.286223E-0005  7.189823E-0005  7.494336E-0005  6.016664E-0005  4.774443E-0005
  8.121732E-0005  4.134791E-0005  7.075591E-0005  7.034677E-0005  5.817905E-0005  4.567784E-0005
  8.396264E-0005  4.169163E-0005  6.778086E-0005  7.278265E-0005  5.793089E-0005  4.603432E-0005
  8.381889E-0005  4.110021E-0005  6.322689E-0005  6.713388E-0005  5.556766E-0005  4.556378E-0005
  8.702966E-0005  3.884143E-0005  6.152557E-0005  6.320739E-0005  5.748955E-0005  4.551477E-0005
  7.768418E-0005  3.699301E-0005  6.325017E-0005  5.977596E-0005  5.587249E-0005  4.302246E-0005
  8.339364E-0005  3.933709E-0005  6.427467E-0005  6.184046E-0005  5.975903E-0005  4.448113E-0005
  8.457330E-0005  3.805003E-0005  5.983802E-0005  5.861406E-0005  6.142452E-0005  4.355744E-0005
  7.687663E-0005  3.482857E-0005  5.557421E-0005  5.438372E-0005  5.366066E-0005  3.945697E-0005
  7.409065E-0005  3.325333E-0005  5.041537E-0005  5.082338E-0005  5.201156E-0005  3.744002E-0005
  7.148882E-0005  3.265529E-0005  4.719317E-0005  4.883009E-0005  4.807244E-0005  3.642307E-0005
  6.850210E-0005  3.088257E-0005  4.839211E-0005  5.256134E-0005  4.824104E-0005  3.595477E-0005
  7.017035E-0005  3.057844E-0005  4.857371E-0005  5.247926E-0005  4.904242E-0005  3.597996E-0005
  6.757624E-0005  3.029668E-0005  4.663462E-0005  4.988864E-0005  4.913511E-0005  3.437007E-0005
  7.225474E-0005  3.048389E-0005  4.674890E-0005  4.617730E-0005  4.840934E-0005  3.506437E-0005
  6.571625E-0005  2.712952E-0005  4.090886E-0005  4.194433E-0005  4.255358E-0005  3.180699E-0005
  6.050538E-0005  2.541829E-0005  3.570995E-0005  3.898353E-0005  3.997880E-0005  2.837858E-0005
