  1.145271E-0002  3.321623E-0003  4.802743E-0003  3.219001E-0003  7.405142E-0003  5.290808E-0003
  2.224725E-0002  6.345701E-0003  8.640294E-0003  6.301849E-0003  1.434032E-0002  1.016838E-0002
  1.086745E-0002  4.500830E-0003  7.213247E-0003  4.662527E-0003  7.450416E-0003  6.261056E-0003
  7.087038E-0003  2.784383E-0003  4.488649E-0003  2.840153E-0003  4.321863E-0003  3.869676E-0003
  6.770501E-0003  1.839521E-0003  2.393083E-0003  1.543222E-0003  3.377590E-0003  2.890390E-0003
  6.554363E-0003  1.738459E-0003  2.185372E-0003  1.485856E-0003  3.103310E-0003  2.731014E-0003
  5.583637E-0003  1.412140E-0003  1.607077E-0003  1.168531E-0003  2.469981E-0003  2.179170E-0003
  4.082743E-0003  1.239716E-0003  1.459589E-0003  1.076601E-0003  1.809935E-0003  1.776980E-0003
  3.013506E-0003  1.131862E-0003  1.513296E-0003  1.093362E-0003  1.484759E-0003  1.485710E-0003
  4.329915E-0003  1.083817E-0003  1.361125E-0003  9.624658E-0004  1.791346E-0003  1.685182E-0003
  3.973029E-0003  1.134033E-0003  1.412120E-0003  9.471369E-0004  1.629674E-0003  1.654521E-0003
  4.040009E-0003  1.336352E-0003  1.552737E-0003  9.925982E-0004  1.757160E-0003  1.770994E-0003
  4.241837E-0003  1.444215E-0003  1.722759E-0003  1.098687E-0003  2.119507E-0003  1.772701E-0003
  5.437349E-0003  1.637435E-0003  1.698333E-0003  1.247938E-0003  2.424700E-0003  2.195149E-0003
  6.373649E-0003  1.820877E-0003  1.867382E-0003  1.419821E-0003  3.121105E-0003  2.589619E-0003
  4.907709E-0003  1.746359E-0003  2.126673E-0003  1.580441E-0003  3.005047E-0003  2.325096E-0003
  5.792418E-0003  2.005092E-0003  2.639979E-0003  2.456226E-0003  4.140622E-0003  2.878533E-0003
  7.161315E-0003  2.260422E-0003  2.233507E-0003  2.099279E-0003  4.671338E-0003  3.149318E-0003
  6.841382E-0003  2.532389E-0003  2.678758E-0003  2.197914E-0003  4.717618E-0003  3.236884E-0003
  5.388595E-0003  2.498748E-0003  2.641769E-0003  2.192889E-0003  4.307040E-0003  2.792596E-0003
  4.558658E-0003  1.998987E-0003  2.157364E-0003  1.823516E-0003  3.361344E-0003  2.238850E-0003
  4.198784E-0003  1.702770E-0003  2.011500E-0003  1.583226E-0003  2.841423E-0003  1.982943E-0003
  3.900492E-0003  1.494246E-0003  1.766063E-0003  1.334977E-0003  2.427337E-0003  1.722940E-0003
  3.868558E-0003  1.585202E-0003  1.735585E-0003  1.368763E-0003  2.353805E-0003  1.751118E-0003
  3.914847E-0003  1.815569E-0003  1.945528E-0003  1.406575E-0003  2.270296E-0003  1.867240E-0003
  4.186741E-0003  1.864024E-0003  1.819339E-0003  1.354382E-0003  2.520526E-0003  1.895831E-0003
  5.261625E-0003  1.765469E-0003  1.683731E-0003  1.192648E-0003  2.593978E-0003  2.018175E-0003
  5.815398E-0003  1.656091E-0003  1.479449E-0003  1.082727E-0003  2.840674E-0003  2.081292E-0003
  4.559699E-0003  1.577631E-0003  1.370021E-0003  1.054375E-0003  2.439656E-0003  1.739326E-0003
  3.620693E-0003  1.652451E-0003  1.528151E-0003  1.204129E-0003  2.884008E-0003  1.572630E-0003
  3.867747E-0003  1.696556E-0003  1.422679E-0003  1.116928E-0003  2.861001E-0003  1.650227E-0003
  4.762917E-0003  1.648640E-0003  1.382090E-0003  1.017704E-0003  2.894920E-0003  1.834900E-0003
  4.505431E-0003  1.813315E-0003  1.480567E-0003  1.004099E-0003  3.193462E-0003  1.789966E-0003
  4.651109E-0003  1.704965E-0003  1.316805E-0003  9.274773E-0004  2.678628E-0003  1.758587E-0003
  5.647976E-0003  1.679301E-0003  1.280671E-0003  9.306147E-0004  2.798935E-0003  1.973192E-0003
  4.822509E-0003  1.595822E-0003  1.078279E-0003  7.374687E-0004  2.591720E-0003  1.735875E-0003
  4.555723E-0003  1.522529E-0003  1.065958E-0003  7.993915E-0004  2.832404E-0003  1.634874E-0003
  4.483346E-0003  1.470595E-0003  1.070920E-0003  8.040225E-0004  2.728816E-0003  1.587087E-0003
  4.592289E-0003  1.394684E-0003  1.055758E-0003  8.395443E-0004  2.904715E-0003  1.600694E-0003
  5.565275E-0003  1.316615E-0003  9.779561E-0004  8.216293E-0004  2.958781E-0003  1.798864E-0003
  5.145539E-0003  1.248876E-0003  9.732289E-0004  8.745978E-0004  2.939437E-0003  1.731093E-0003
  4.487796E-0003  1.171400E-0003  9.243612E-0004  8.838281E-0004  2.904634E-0003  1.511660E-0003
  4.423342E-0003  1.050978E-0003  8.575433E-0004  8.712288E-0004  2.843192E-0003  1.418862E-0003
  4.196538E-0003  9.044974E-0004  7.411456E-0004  6.931447E-0004  2.833073E-0003  1.312978E-0003
  3.847604E-0003  7.912444E-0004  5.963957E-0004  5.394518E-0004  2.093893E-0003  1.220642E-0003
  3.491987E-0003  7.501139E-0004  5.949333E-0004  6.039618E-0004  1.951108E-0003  1.122990E-0003
  3.148133E-0003  6.834920E-0004  5.946265E-0004  6.735293E-0004  1.964521E-0003  1.043514E-0003
  3.218048E-0003  6.605059E-0004  6.021387E-0004  6.644604E-0004  2.011889E-0003  1.015755E-0003
  2.335698E-0003  6.101481E-0004  5.713245E-0004  6.601511E-0004  1.580340E-0003  8.362129E-0004
  3.054354E-0003  6.631391E-0004  5.681485E-0004  6.885786E-0004  1.870343E-0003  1.010186E-0003
  3.081226E-0003  7.377245E-0004  5.733401E-0004  6.582677E-0004  1.865308E-0003  1.028660E-0003
  2.757251E-0003  6.709213E-0004  5.222630E-0004  5.693506E-0004  1.662544E-0003  9.144344E-0004
  2.732564E-0003  6.616274E-0004  4.915695E-0004  5.295746E-0004  1.592993E-0003  9.061123E-0004
  2.642346E-0003  6.183442E-0004  4.806076E-0004  5.337472E-0004  1.519392E-0003  8.680206E-0004
  2.467828E-0003  6.081855E-0004  5.400113E-0004  6.906793E-0004  1.466076E-0003  8.620345E-0004
  2.444293E-0003  5.987606E-0004  4.983061E-0004  5.907367E-0004  1.456769E-0003  8.374618E-0004
  2.577025E-0003  5.737755E-0004  5.215909E-0004  6.513786E-0004  1.784107E-0003  8.539735E-0004
  2.541585E-0003  5.933417E-0004  5.317317E-0004  6.748264E-0004  1.866085E-0003  8.525037E-0004
  1.824149E-0003  5.012334E-0004  4.602475E-0004  5.279974E-0004  1.581636E-0003  6.394996E-0004
  1.867020E-0003  5.170921E-0004  4.514453E-0004  5.566748E-0004  1.661330E-0003  6.479724E-0004
  1.943105E-0003  5.211935E-0004  4.443617E-0004  5.835355E-0004  1.680749E-0003  6.658079E-0004
  2.033845E-0003  4.938340E-0004  4.238388E-0004  5.591401E-0004  1.634018E-0003  6.865527E-0004
  1.903915E-0003  5.582069E-0004  4.893878E-0004  6.215110E-0004  1.847259E-0003  6.903651E-0004
  2.129978E-0003  5.999361E-0004  5.401795E-0004  6.949952E-0004  2.055673E-0003  7.479279E-0004
  2.289781E-0003  5.590824E-0004  5.656857E-0004  8.213281E-0004  2.039207E-0003  7.811390E-0004
  2.332556E-0003  5.348325E-0004  5.528996E-0004  7.877465E-0004  2.173209E-0003  7.731236E-0004
  2.206112E-0003  5.317839E-0004  5.315427E-0004  8.043714E-0004  1.858090E-0003  7.742667E-0004
  1.821912E-0003  5.155724E-0004  5.234279E-0004  7.611786E-0004  1.706015E-0003  7.024039E-0004
  2.299260E-0003  5.632843E-0004  5.404414E-0004  7.050572E-0004  2.029687E-0003  7.846419E-0004
  3.128896E-0003  6.768950E-0004  6.209424E-0004  8.964146E-0004  2.362656E-0003  1.004494E-0003
  2.601814E-0003  5.382773E-0004  4.849477E-0004  6.245535E-0004  1.694423E-0003  8.411325E-0004
  2.350430E-0003  5.330411E-0004  4.533304E-0004  5.789174E-0004  1.704416E-0003  7.680662E-0004
  2.340381E-0003  5.561040E-0004  4.744460E-0004  6.631185E-0004  1.829856E-0003  7.782535E-0004
  2.627662E-0003  5.914812E-0004  5.374948E-0004  7.435598E-0004  1.960949E-0003  8.610825E-0004
  2.755987E-0003  6.076040E-0004  5.642744E-0004  7.761953E-0004  2.034078E-0003  8.996303E-0004
  2.468024E-0003  5.636519E-0004  5.789294E-0004  8.770382E-0004  1.916677E-0003  8.509362E-0004
  2.507393E-0003  5.926916E-0004  5.557017E-0004  7.855967E-0004  2.006446E-0003  8.532769E-0004
  2.716591E-0003  6.036380E-0004  5.418005E-0004  7.622712E-0004  2.110179E-0003  9.052040E-0004
  2.878512E-0003  6.465921E-0004  5.558989E-0004  7.302372E-0004  1.977198E-0003  9.370319E-0004
  2.577511E-0003  5.619115E-0004  4.524374E-0004  5.865917E-0004  1.843479E-0003  8.078099E-0004
  2.193341E-0003  5.045792E-0004  4.280806E-0004  5.816429E-0004  1.682585E-0003  7.241923E-0004
  2.544411E-0003  5.471480E-0004  4.193832E-0004  5.873448E-0004  1.619576E-0003  8.168791E-0004
  2.313904E-0003  5.098909E-0004  4.147162E-0004  5.443964E-0004  1.527535E-0003  7.460961E-0004
  1.967160E-0003  4.854974E-0004  4.706455E-0004  7.296191E-0004  1.560120E-0003  6.920695E-0004
  2.459293E-0003  5.417035E-0004  5.175321E-0004  8.026668E-0004  1.854950E-0003  8.156647E-0004
  2.381243E-0003  5.190485E-0004  4.909524E-0004  7.215180E-0004  2.006607E-0003  7.817653E-0004
  2.443132E-0003  4.717788E-0004  4.662224E-0004  6.634747E-0004  1.988828E-0003  7.653837E-0004
  3.225004E-0003  5.378118E-0004  4.631136E-0004  5.799013E-0004  2.035204E-0003  9.272961E-0004
  2.743561E-0003  5.187551E-0004  4.362412E-0004  5.826203E-0004  1.876739E-0003  8.412733E-0004
  1.920465E-0003  3.834256E-0004  3.696498E-0004  5.532489E-0004  1.488246E-0003  6.247262E-0004
