  8.490750E-0003  4.294486E-0003  4.204211E-0003  6.578045E-0003  3.914551E-0003  4.654482E-0003
  1.313137E-0002  7.121751E-0003  7.149450E-0003  1.072345E-0002  6.878108E-0003  7.463817E-0003
  7.262102E-0003  3.989656E-0003  3.684494E-0003  5.141038E-0003  3.484831E-0003  4.040270E-0003
  3.648983E-0003  2.783746E-0003  2.284267E-0003  2.797251E-0003  1.939084E-0003  2.106072E-0003
  2.591172E-0003  2.570456E-0003  1.892265E-0003  2.036003E-0003  1.502507E-0003  1.523365E-0003
  2.338305E-0003  2.798625E-0003  1.982684E-0003  2.117058E-0003  1.328482E-0003  1.389855E-0003
  2.145161E-0003  1.874756E-0003  1.505986E-0003  1.892231E-0003  1.115422E-0003  1.263285E-0003
  2.217809E-0003  1.273773E-0003  1.197107E-0003  1.669668E-0003  1.029902E-0003  1.255781E-0003
  2.136822E-0003  1.590742E-0003  1.346751E-0003  1.871190E-0003  1.106860E-0003  1.238292E-0003
  1.781425E-0003  1.418047E-0003  1.397547E-0003  2.255191E-0003  1.074934E-0003  1.151884E-0003
  1.618951E-0003  8.378649E-0004  1.445647E-0003  3.053605E-0003  1.078291E-0003  1.316405E-0003
  2.642899E-0003  1.115338E-0003  2.402312E-0003  5.388401E-0003  1.785706E-0003  2.224990E-0003
  4.376056E-0003  1.621098E-0003  3.628051E-0003  7.517937E-0003  3.138214E-0003  3.692002E-0003
  4.496946E-0003  1.503059E-0003  4.308088E-0003  1.059863E-0002  4.008769E-0003  4.293988E-0003
  4.061775E-0003  1.427785E-0003  4.825355E-0003  1.235556E-0002  4.167215E-0003  4.377606E-0003
  2.853658E-0003  1.384292E-0003  4.705620E-0003  1.102560E-0002  3.217916E-0003  3.586188E-0003
  3.072302E-0003  1.578095E-0003  4.227112E-0003  8.247717E-0003  2.883417E-0003  3.295319E-0003
  2.252323E-0003  1.443243E-0003  3.368604E-0003  5.114504E-0003  2.123533E-0003  2.392216E-0003
  2.022169E-0003  1.246957E-0003  2.959886E-0003  4.567045E-0003  1.737189E-0003  2.098320E-0003
  1.833195E-0003  1.035575E-0003  2.411598E-0003  3.439626E-0003  1.293596E-0003  1.619023E-0003
  1.243932E-0003  7.176534E-0004  1.379697E-0003  1.795541E-0003  8.812047E-0004  9.266273E-0004
  8.575688E-0004  5.277615E-0004  7.771233E-0004  1.238481E-0003  5.829398E-0004  6.189391E-0004
  5.933340E-0004  4.459768E-0004  6.044033E-0004  8.407931E-0004  4.571418E-0004  4.400702E-0004
  5.945135E-0004  3.197333E-0004  5.153880E-0004  7.027111E-0004  4.117829E-0004  4.169828E-0004
  5.480599E-0004  2.710267E-0004  4.032593E-0004  5.821315E-0004  3.664544E-0004  3.759988E-0004
  5.330084E-0004  2.468915E-0004  3.590519E-0004  4.870829E-0004  3.594164E-0004  3.372185E-0004
  3.888034E-0004  2.186797E-0004  3.220638E-0004  4.627807E-0004  2.785660E-0004  2.704039E-0004
  4.296815E-0004  2.755111E-0004  3.371864E-0004  4.726648E-0004  2.524477E-0004  2.766465E-0004
  5.492377E-0004  3.086744E-0004  3.865097E-0004  5.925194E-0004  3.210520E-0004  3.298584E-0004
  5.201343E-0004  2.397198E-0004  3.215689E-0004  4.795969E-0004  2.989792E-0004  3.163922E-0004
  4.860958E-0004  2.292664E-0004  3.223135E-0004  4.827643E-0004  3.073497E-0004  3.039110E-0004
  4.420614E-0004  2.321725E-0004  3.436021E-0004  5.674249E-0004  3.158014E-0004  2.852819E-0004
  4.819571E-0004  2.280366E-0004  3.098468E-0004  5.151452E-0004  3.091033E-0004  2.961228E-0004
  4.946815E-0004  2.152059E-0004  2.654851E-0004  4.131632E-0004  2.653587E-0004  2.819966E-0004
  4.551349E-0004  2.086203E-0004  2.548385E-0004  3.910255E-0004  2.628612E-0004  2.570012E-0004
  4.255531E-0004  1.806807E-0004  2.246606E-0004  2.941914E-0004  2.297402E-0004  2.217787E-0004
  3.785529E-0004  1.713381E-0004  2.226570E-0004  2.899042E-0004  2.327289E-0004  2.089061E-0004
  3.672147E-0004  1.630544E-0004  2.321123E-0004  2.914819E-0004  2.249642E-0004  2.114673E-0004
  3.382344E-0004  1.612652E-0004  2.242498E-0004  2.504521E-0004  2.121547E-0004  2.009726E-0004
  4.181859E-0004  2.168257E-0004  2.462034E-0004  2.756588E-0004  2.593489E-0004  2.243096E-0004
  3.845903E-0004  1.679031E-0004  2.013435E-0004  2.422042E-0004  2.185958E-0004  2.000549E-0004
  3.781535E-0004  1.580620E-0004  1.841669E-0004  2.185211E-0004  1.997982E-0004  1.954608E-0004
  4.773691E-0004  1.556083E-0004  1.900479E-0004  2.350326E-0004  2.235509E-0004  2.315765E-0004
  4.809071E-0004  1.434979E-0004  1.792717E-0004  2.194461E-0004  2.505777E-0004  2.272125E-0004
  5.154626E-0004  1.745972E-0004  2.003970E-0004  2.188416E-0004  2.759616E-0004  2.459694E-0004
  4.307316E-0004  1.384677E-0004  1.743738E-0004  1.983124E-0004  2.202644E-0004  2.139183E-0004
  3.596077E-0004  1.290940E-0004  1.547948E-0004  1.927220E-0004  1.884806E-0004  1.828540E-0004
  4.451299E-0004  1.273111E-0004  1.620372E-0004  1.862110E-0004  2.073221E-0004  2.087429E-0004
  4.486797E-0004  1.361821E-0004  1.532615E-0004  1.619976E-0004  1.944770E-0004  2.097248E-0004
  3.812415E-0004  1.291613E-0004  1.503529E-0004  1.719228E-0004  1.936646E-0004  1.822946E-0004
  4.265192E-0004  1.269213E-0004  1.375944E-0004  1.669879E-0004  2.360645E-0004  1.958936E-0004
  3.932738E-0004  1.150042E-0004  1.358634E-0004  1.487530E-0004  2.022508E-0004  1.846083E-0004
  3.035747E-0004  1.133285E-0004  1.480451E-0004  1.827851E-0004  1.795836E-0004  1.586851E-0004
  2.953413E-0004  1.118099E-0004  1.431504E-0004  1.714834E-0004  1.671542E-0004  1.535084E-0004
  2.744002E-0004  1.080254E-0004  1.480065E-0004  1.669959E-0004  1.670805E-0004  1.434901E-0004
  2.784060E-0004  1.163688E-0004  1.368384E-0004  1.491836E-0004  1.795190E-0004  1.418776E-0004
  2.270144E-0004  9.866614E-0005  1.108655E-0004  1.167870E-0004  1.388845E-0004  1.151273E-0004
  2.110790E-0004  8.725448E-0005  9.506335E-0005  1.017960E-0004  1.231264E-0004  1.038643E-0004
  1.863320E-0004  8.490447E-0005  9.226817E-0005  9.746757E-0005  1.310364E-0004  9.749831E-0005
  1.964702E-0004  7.380242E-0005  9.068236E-0005  1.048178E-0004  1.292758E-0004  1.003131E-0004
  1.764451E-0004  5.735373E-0005  7.518473E-0005  8.638392E-0005  1.051712E-0004  8.719743E-0005
  1.892467E-0004  7.339958E-0005  9.503269E-0005  1.026592E-0004  1.201680E-0004  9.521258E-0005
  1.918827E-0004  8.445170E-0005  1.048201E-0004  1.188376E-0004  1.336028E-0004  1.016890E-0004
  2.028011E-0004  8.006645E-0005  8.589950E-0005  9.801154E-0005  1.178680E-0004  9.908988E-0005
  1.997533E-0004  7.469400E-0005  7.737371E-0005  9.018493E-0005  1.069799E-0004  9.671208E-0005
  1.924751E-0004  7.502424E-0005  8.509491E-0005  1.101802E-0004  1.216243E-0004  9.940145E-0005
  1.843121E-0004  6.666905E-0005  7.534624E-0005  9.153080E-0005  1.021082E-0004  8.920136E-0005
  1.709688E-0004  6.071546E-0005  7.960144E-0005  9.928895E-0005  1.076184E-0004  8.624326E-0005
  1.653501E-0004  5.867132E-0005  6.819818E-0005  7.849808E-0005  8.828143E-0005  7.847427E-0005
  2.030618E-0004  6.109269E-0005  6.418715E-0005  7.017674E-0005  8.885616E-0005  9.112482E-0005
  2.197295E-0004  7.405839E-0005  7.691233E-0005  8.418444E-0005  1.099487E-0004  1.012220E-0004
  1.806373E-0004  7.808595E-0005  7.853469E-0005  8.530061E-0005  1.087880E-0004  8.738652E-0005
  1.732726E-0004  7.326322E-0005  6.889948E-0005  6.800784E-0005  9.392724E-0005  8.061911E-0005
  1.770028E-0004  6.916613E-0005  7.150839E-0005  8.549549E-0005  1.018217E-0004  8.569656E-0005
  1.718054E-0004  6.091103E-0005  7.073336E-0005  9.188859E-0005  1.087085E-0004  8.523960E-0005
  1.512222E-0004  5.345115E-0005  6.257601E-0005  8.360804E-0005  9.914130E-0005  7.410188E-0005
  1.687400E-0004  6.057970E-0005  6.949689E-0005  9.292197E-0005  1.026450E-0004  8.222450E-0005
  1.601839E-0004  6.141663E-0005  6.728986E-0005  8.864625E-0005  1.017658E-0004  7.826636E-0005
  1.940803E-0004  6.668758E-0005  6.417599E-0005  8.213717E-0005  1.078570E-0004  8.876199E-0005
  1.907473E-0004  6.662252E-0005  6.253907E-0005  7.736280E-0005  1.065293E-0004  8.792303E-0005
  2.039117E-0004  7.692559E-0005  7.650052E-0005  9.151491E-0005  1.244437E-0004  9.932474E-0005
  2.142551E-0004  7.172629E-0005  7.652210E-0005  9.043123E-0005  1.223190E-0004  1.015078E-0004
  2.037658E-0004  6.771545E-0005  7.562782E-0005  9.004209E-0005  1.171470E-0004  9.458680E-0005
  2.122626E-0004  6.490056E-0005  7.119952E-0005  9.042019E-0005  1.143794E-0004  9.875032E-0005
  1.955464E-0004  6.147513E-0005  7.266345E-0005  8.396092E-0005  1.053825E-0004  9.178931E-0005
  1.854891E-0004  6.129000E-0005  6.672306E-0005  7.037268E-0005  1.054063E-0004  8.206465E-0005
  2.004897E-0004  6.172822E-0005  6.780975E-0005  7.869970E-0005  1.096476E-0004  8.884373E-0005
  2.099444E-0004  6.659348E-0005  7.779731E-0005  9.455905E-0005  1.118302E-0004  9.682326E-0005
  2.092317E-0004  6.500485E-0005  6.531363E-0005  8.043560E-0005  1.142159E-0004  9.304311E-0005
  2.194498E-0004  5.729637E-0005  4.975539E-0005  6.575405E-0005  9.955187E-0005  9.359945E-0005
