  2.121198E-0003  4.416241E-0003  3.282840E-0003  4.716033E-0003  3.503033E-0003  1.816498E-0003
  3.175850E-0003  5.971153E-0003  4.941185E-0003  6.902725E-0003  5.190248E-0003  2.730775E-0003
  1.690705E-0003  3.155969E-0003  2.869430E-0003  3.634609E-0003  2.934130E-0003  1.495474E-0003
  7.693950E-0004  1.419221E-0003  1.176116E-0003  1.743877E-0003  1.384963E-0003  7.251095E-0004
  6.026768E-0004  1.010151E-0003  9.246129E-0004  1.486584E-0003  9.791154E-0004  5.902086E-0004
  4.409723E-0004  8.059379E-0004  7.118936E-0004  1.123476E-0003  7.681849E-0004  4.578379E-0004
  3.603138E-0004  6.504182E-0004  5.620249E-0004  9.028206E-0004  6.550446E-0004  3.964966E-0004
  3.504927E-0004  5.975687E-0004  5.660309E-0004  9.674176E-0004  6.017337E-0004  3.960730E-0004
  2.742809E-0004  4.639063E-0004  4.530447E-0004  8.685670E-0004  4.848240E-0004  3.253222E-0004
  2.103521E-0004  3.601111E-0004  3.832143E-0004  7.214252E-0004  4.226617E-0004  2.539860E-0004
  1.670427E-0004  3.215244E-0004  3.441433E-0004  6.246128E-0004  3.819701E-0004  2.168761E-0004
  1.734172E-0004  3.322512E-0004  3.532728E-0004  6.832540E-0004  3.850459E-0004  2.287126E-0004
  1.584136E-0004  2.948652E-0004  3.321588E-0004  7.108394E-0004  3.338894E-0004  2.214739E-0004
  1.369970E-0004  2.528196E-0004  3.273074E-0004  7.722909E-0004  3.183339E-0004  2.143752E-0004
  1.454052E-0004  2.635374E-0004  4.205839E-0004  1.027546E-0003  4.014486E-0004  2.686966E-0004
  1.450026E-0004  2.547443E-0004  5.038973E-0004  1.370356E-0003  4.642474E-0004  3.176242E-0004
  1.368162E-0004  2.469134E-0004  5.046070E-0004  1.348816E-0003  4.666119E-0004  3.219750E-0004
  1.687462E-0004  2.581301E-0004  6.532166E-0004  1.790129E-0003  6.075582E-0004  4.284794E-0004
  1.915461E-0004  2.978415E-0004  8.510382E-0004  2.278703E-0003  8.046178E-0004  5.508328E-0004
  1.865811E-0004  3.207761E-0004  9.468243E-0004  2.550745E-0003  8.299465E-0004  6.316118E-0004
  1.695441E-0004  2.943322E-0004  8.155300E-0004  2.251947E-0003  7.292192E-0004  5.386031E-0004
  1.336591E-0004  2.334255E-0004  5.613410E-0004  1.608480E-0003  5.218544E-0004  3.666831E-0004
  1.058060E-0004  1.888855E-0004  3.702168E-0004  9.763355E-0004  3.785259E-0004  2.383937E-0004
  9.203082E-0005  1.689803E-0004  3.344154E-0004  8.414531E-0004  3.402895E-0004  2.063500E-0004
  9.076413E-0005  1.591552E-0004  2.835192E-0004  7.126824E-0004  2.959355E-0004  1.850399E-0004
  8.574744E-0005  1.370080E-0004  2.637765E-0004  6.420874E-0004  2.729640E-0004  1.715807E-0004
  8.764023E-0005  1.450435E-0004  2.727053E-0004  6.446640E-0004  2.763064E-0004  1.657403E-0004
  9.519323E-0005  1.600691E-0004  2.851438E-0004  6.840290E-0004  2.869699E-0004  1.735873E-0004
  8.821546E-0005  1.637781E-0004  2.559097E-0004  5.741907E-0004  2.800060E-0004  1.572269E-0004
  8.251356E-0005  1.568990E-0004  2.444269E-0004  5.783965E-0004  2.757534E-0004  1.485178E-0004
  9.149188E-0005  1.633713E-0004  2.480563E-0004  5.746655E-0004  2.830501E-0004  1.527798E-0004
  9.946943E-0005  1.852522E-0004  2.648401E-0004  5.728839E-0004  2.883947E-0004  1.633462E-0004
  1.005213E-0004  1.859467E-0004  2.559142E-0004  5.442108E-0004  2.840606E-0004  1.627966E-0004
  1.096557E-0004  1.890258E-0004  2.382410E-0004  4.792426E-0004  2.771464E-0004  1.537647E-0004
  1.106769E-0004  1.929425E-0004  2.333909E-0004  4.725140E-0004  2.765624E-0004  1.564456E-0004
  1.144462E-0004  2.135981E-0004  2.450666E-0004  4.589208E-0004  2.787170E-0004  1.615299E-0004
  1.102997E-0004  2.133348E-0004  2.544853E-0004  4.597823E-0004  2.754791E-0004  1.628214E-0004
  1.182646E-0004  2.249379E-0004  2.717407E-0004  4.872968E-0004  2.932778E-0004  1.772215E-0004
  1.242664E-0004  2.253938E-0004  2.661181E-0004  4.530533E-0004  2.906625E-0004  1.753414E-0004
  1.252375E-0004  2.342982E-0004  2.729271E-0004  4.881963E-0004  2.962035E-0004  1.833652E-0004
  1.346626E-0004  2.383201E-0004  2.561192E-0004  4.556412E-0004  2.886594E-0004  1.761178E-0004
  1.244025E-0004  2.332420E-0004  2.598609E-0004  4.333334E-0004  2.762895E-0004  1.765475E-0004
  1.348091E-0004  2.432052E-0004  2.759036E-0004  4.543064E-0004  3.062324E-0004  1.835601E-0004
  1.306473E-0004  2.189600E-0004  2.425423E-0004  3.794795E-0004  2.830960E-0004  1.599971E-0004
  1.088730E-0004  2.015214E-0004  2.286163E-0004  3.570957E-0004  2.536537E-0004  1.441564E-0004
  1.025612E-0004  1.904354E-0004  2.209977E-0004  3.566656E-0004  2.585168E-0004  1.343687E-0004
  9.796608E-0005  1.826373E-0004  2.073511E-0004  3.379658E-0004  2.358808E-0004  1.270426E-0004
  1.038509E-0004  1.740306E-0004  2.021127E-0004  3.379389E-0004  2.326552E-0004  1.268281E-0004
  1.052276E-0004  1.519909E-0004  1.804448E-0004  3.160444E-0004  1.990422E-0004  1.212505E-0004
  7.913131E-0005  1.343514E-0004  1.638362E-0004  3.050307E-0004  1.836275E-0004  1.029190E-0004
  6.917527E-0005  1.362720E-0004  1.617063E-0004  3.099328E-0004  1.926541E-0004  9.461831E-0005
  6.268046E-0005  1.190418E-0004  1.383625E-0004  2.707330E-0004  1.665403E-0004  8.421759E-0005
  5.791977E-0005  1.063585E-0004  1.319384E-0004  2.594963E-0004  1.637460E-0004  7.932085E-0005
  6.286820E-0005  1.077818E-0004  1.331527E-0004  2.582743E-0004  1.621543E-0004  8.135478E-0005
  5.763114E-0005  9.214904E-0005  1.178297E-0004  2.269730E-0004  1.499911E-0004  7.510620E-0005
  5.304231E-0005  9.252128E-0005  1.141401E-0004  2.322816E-0004  1.470478E-0004  7.284544E-0005
  5.695924E-0005  9.111026E-0005  1.094706E-0004  2.248426E-0004  1.393650E-0004  6.967242E-0005
  5.237738E-0005  8.608362E-0005  1.003202E-0004  1.946715E-0004  1.303138E-0004  6.110308E-0005
  5.129515E-0005  8.192983E-0005  9.681504E-0005  1.931498E-0004  1.251423E-0004  5.867734E-0005
  4.890320E-0005  7.929888E-0005  9.632808E-0005  1.949616E-0004  1.297147E-0004  5.846278E-0005
  4.630384E-0005  8.064877E-0005  9.759904E-0005  1.943430E-0004  1.266496E-0004  5.670475E-0005
  4.289420E-0005  8.027947E-0005  8.939908E-0005  1.811129E-0004  1.126387E-0004  5.395154E-0005
  4.015846E-0005  6.754277E-0005  7.732721E-0005  1.609203E-0004  9.904164E-0005  4.877426E-0005
  4.530789E-0005  7.093802E-0005  8.628935E-0005  1.793763E-0004  1.211914E-0004  5.155130E-0005
  3.901690E-0005  6.568750E-0005  8.286730E-0005  1.706579E-0004  1.117686E-0004  4.888498E-0005
  4.326867E-0005  6.640809E-0005  7.687046E-0005  1.529530E-0004  9.958477E-0005  4.749848E-0005
  4.714525E-0005  7.922000E-0005  8.598007E-0005  1.635113E-0004  1.163916E-0004  4.932440E-0005
  4.557862E-0005  7.854772E-0005  8.190679E-0005  1.522313E-0004  1.104292E-0004  4.852831E-0005
  4.645918E-0005  7.546954E-0005  8.296034E-0005  1.535943E-0004  1.240605E-0004  4.936898E-0005
  5.095331E-0005  7.852956E-0005  8.197592E-0005  1.487562E-0004  1.286348E-0004  4.998088E-0005
  4.801484E-0005  7.270038E-0005  7.382518E-0005  1.301281E-0004  1.135313E-0004  4.605835E-0005
  4.887040E-0005  6.995263E-0005  7.484607E-0005  1.393361E-0004  1.187699E-0004  4.709656E-0005
  5.139833E-0005  7.918005E-0005  8.397329E-0005  1.575856E-0004  1.275900E-0004  4.996912E-0005
  5.125537E-0005  7.700798E-0005  8.471990E-0005  1.694245E-0004  1.319763E-0004  5.236984E-0005
  4.891205E-0005  7.263222E-0005  7.969863E-0005  1.552360E-0004  1.269932E-0004  4.971299E-0005
  5.135988E-0005  8.084763E-0005  8.211271E-0005  1.550608E-0004  1.219831E-0004  5.152988E-0005
  4.908164E-0005  7.562008E-0005  7.541855E-0005  1.403453E-0004  1.165971E-0004  4.767297E-0005
  4.845876E-0005  6.991083E-0005  7.255640E-0005  1.319398E-0004  1.149624E-0004  4.488233E-0005
  5.075919E-0005  7.378132E-0005  8.050291E-0005  1.506468E-0004  1.226474E-0004  4.873083E-0005
  4.891790E-0005  6.640650E-0005  7.477775E-0005  1.440887E-0004  1.091505E-0004  4.694310E-0005
  5.494172E-0005  7.257295E-0005  7.298992E-0005  1.374210E-0004  1.035908E-0004  4.943120E-0005
  5.608383E-0005  7.933176E-0005  7.970125E-0005  1.503557E-0004  1.131632E-0004  5.170950E-0005
  5.153881E-0005  7.589681E-0005  8.003319E-0005  1.481666E-0004  1.250695E-0004  4.883089E-0005
  4.772751E-0005  7.148429E-0005  7.358492E-0005  1.297654E-0004  1.157658E-0004  4.448225E-0005
  4.839727E-0005  7.056437E-0005  6.808570E-0005  1.185738E-0004  1.042280E-0004  4.176697E-0005
  4.798896E-0005  7.730678E-0005  7.206522E-0005  1.234175E-0004  1.051815E-0004  4.310881E-0005
  4.722297E-0005  7.587507E-0005  7.655294E-0005  1.382268E-0004  1.084872E-0004  4.497440E-0005
  5.378588E-0005  7.653627E-0005  7.662294E-0005  1.411493E-0004  1.139982E-0004  4.853411E-0005
  4.977081E-0005  6.704575E-0005  7.517708E-0005  1.432576E-0004  1.182218E-0004  4.636894E-0005
  4.647685E-0005  6.429900E-0005  6.592703E-0005  1.243503E-0004  1.000497E-0004  4.142830E-0005
