  2.505529E-0003  1.909318E-0003  1.097735E-0003  1.228096E-0003  1.740964E-0003  2.321779E-0003
  2.935534E-0003  2.632586E-0003  1.959150E-0003  2.140663E-0003  2.370524E-0003  3.023456E-0003
  1.183842E-0003  1.184942E-0003  1.111680E-0003  1.298071E-0003  1.115450E-0003  1.395212E-0003
  6.823690E-0004  6.538903E-0004  7.332298E-0004  9.154424E-0004  7.531828E-0004  8.485340E-0004
  3.857798E-0004  4.447804E-0004  5.660137E-0004  6.724781E-0004  5.437414E-0004  5.381167E-0004
  2.555726E-0004  3.265147E-0004  4.826255E-0004  6.921174E-0004  4.905733E-0004  4.411070E-0004
  2.021093E-0004  2.706898E-0004  4.874124E-0004  7.297113E-0004  4.796942E-0004  4.266922E-0004
  1.755307E-0004  2.409621E-0004  4.568268E-0004  6.607941E-0004  4.310598E-0004  3.846753E-0004
  1.548953E-0004  2.336131E-0004  4.500595E-0004  6.432554E-0004  4.056752E-0004  3.623533E-0004
  1.518062E-0004  2.364610E-0004  4.351453E-0004  5.624553E-0004  3.986789E-0004  3.697816E-0004
  1.637419E-0004  2.668579E-0004  4.345697E-0004  6.118882E-0004  3.618831E-0004  3.887556E-0004
  1.334800E-0004  2.314780E-0004  3.753531E-0004  4.614968E-0004  2.610942E-0004  3.174786E-0004
  1.072386E-0004  1.926132E-0004  3.486727E-0004  3.986758E-0004  2.071498E-0004  2.659927E-0004
  8.272819E-0005  1.881752E-0004  3.414812E-0004  3.448069E-0004  1.871871E-0004  2.458202E-0004
  7.390096E-0005  1.677086E-0004  3.009773E-0004  3.805917E-0004  1.741105E-0004  2.142691E-0004
  7.164521E-0005  1.456635E-0004  2.914052E-0004  3.994308E-0004  1.674361E-0004  1.944043E-0004
  5.728806E-0005  1.166853E-0004  2.570088E-0004  3.356599E-0004  1.603537E-0004  1.640196E-0004
  5.670230E-0005  1.269259E-0004  3.015374E-0004  3.642582E-0004  1.810752E-0004  1.767294E-0004
  6.630781E-0005  1.581899E-0004  3.630674E-0004  4.229803E-0004  2.121627E-0004  2.163190E-0004
  8.403115E-0005  1.824819E-0004  3.831580E-0004  5.223593E-0004  2.616492E-0004  2.515823E-0004
  8.242823E-0005  1.639986E-0004  3.888072E-0004  5.177096E-0004  2.672796E-0004  2.364425E-0004
  7.704877E-0005  1.487367E-0004  4.280876E-0004  6.182832E-0004  3.025123E-0004  2.415517E-0004
  6.293484E-0005  1.355763E-0004  3.723827E-0004  5.613855E-0004  3.009556E-0004  2.112000E-0004
  6.222691E-0005  1.404513E-0004  3.739105E-0004  5.698976E-0004  3.063816E-0004  2.164113E-0004
  5.226567E-0005  1.028993E-0004  2.804567E-0004  4.595761E-0004  2.528460E-0004  1.802633E-0004
  4.499345E-0005  1.004216E-0004  2.537883E-0004  3.804256E-0004  2.223598E-0004  1.588406E-0004
  3.574048E-0005  9.161173E-0005  2.254317E-0004  3.350000E-0004  1.751054E-0004  1.220172E-0004
  2.998654E-0005  7.364368E-0005  1.755271E-0004  2.592893E-0004  1.423283E-0004  9.901174E-0005
  3.290499E-0005  6.517572E-0005  1.667546E-0004  2.694158E-0004  1.550015E-0004  1.016478E-0004
  2.808119E-0005  5.270940E-0005  1.426425E-0004  2.431393E-0004  1.355111E-0004  8.527066E-0005
  2.625133E-0005  4.846641E-0005  1.396404E-0004  2.484346E-0004  1.280844E-0004  7.833693E-0005
  2.371906E-0005  4.411105E-0005  1.163085E-0004  2.024555E-0004  1.096280E-0004  6.626304E-0005
  2.333379E-0005  4.335462E-0005  1.072944E-0004  1.908538E-0004  9.005521E-0005  6.273392E-0005
  2.159313E-0005  4.035121E-0005  9.743099E-0005  1.654297E-0004  9.150842E-0005  5.680402E-0005
  2.135439E-0005  3.623681E-0005  9.163313E-0005  1.758053E-0004  8.997604E-0005  5.637301E-0005
  2.097729E-0005  3.937974E-0005  8.320614E-0005  1.545386E-0004  7.559396E-0005  5.048903E-0005
  1.991183E-0005  4.026977E-0005  8.603479E-0005  1.573311E-0004  6.744326E-0005  5.252557E-0005
  1.871056E-0005  3.550819E-0005  9.658639E-0005  1.917193E-0004  8.602962E-0005  5.431529E-0005
  2.391546E-0005  3.841506E-0005  9.203652E-0005  1.820228E-0004  1.012330E-0004  5.730000E-0005
  2.217227E-0005  3.757464E-0005  8.179236E-0005  1.599735E-0004  8.064550E-0005  5.388470E-0005
  1.809695E-0005  3.144158E-0005  6.774427E-0005  1.331845E-0004  6.161280E-0005  4.414390E-0005
  1.706878E-0005  3.048776E-0005  6.371699E-0005  1.370252E-0004  6.304413E-0005  4.056428E-0005
  1.840567E-0005  3.275498E-0005  6.772399E-0005  1.473617E-0004  6.832921E-0005  4.211002E-0005
  1.749199E-0005  3.307721E-0005  6.641739E-0005  1.464626E-0004  5.824594E-0005  4.216747E-0005
  1.602201E-0005  2.803525E-0005  5.955728E-0005  1.186929E-0004  5.859100E-0005  3.761278E-0005
  1.480460E-0005  2.538698E-0005  6.028626E-0005  1.389268E-0004  5.807485E-0005  3.778886E-0005
  1.509083E-0005  2.640896E-0005  5.786738E-0005  1.316353E-0004  5.340162E-0005  3.551296E-0005
  1.521716E-0005  2.559859E-0005  5.325634E-0005  1.187447E-0004  4.906913E-0005  3.436505E-0005
  1.390112E-0005  2.254379E-0005  5.038951E-0005  1.185082E-0004  4.454621E-0005  3.078156E-0005
  1.373223E-0005  2.280793E-0005  5.239357E-0005  1.183066E-0004  5.048338E-0005  2.999117E-0005
  1.851532E-0005  2.988330E-0005  6.643160E-0005  1.531649E-0004  6.054477E-0005  3.621588E-0005
  1.789739E-0005  3.041228E-0005  6.242545E-0005  1.409470E-0004  5.762549E-0005  3.615958E-0005
  1.461770E-0005  2.729043E-0005  4.897155E-0005  1.030041E-0004  4.279569E-0005  3.137004E-0005
  1.455190E-0005  2.591881E-0005  5.449182E-0005  1.323062E-0004  4.828932E-0005  3.437146E-0005
  1.415744E-0005  2.210330E-0005  4.911498E-0005  1.275640E-0004  4.863712E-0005  3.153829E-0005
  1.201927E-0005  2.050083E-0005  4.582208E-0005  1.139519E-0004  4.562838E-0005  2.735433E-0005
  1.309965E-0005  2.402759E-0005  5.067678E-0005  1.108886E-0004  4.816246E-0005  2.955123E-0005
  1.228145E-0005  2.074663E-0005  4.633244E-0005  1.062612E-0004  4.452891E-0005  2.741909E-0005
  1.322620E-0005  2.065029E-0005  4.761585E-0005  1.228204E-0004  4.747359E-0005  2.826860E-0005
  1.186636E-0005  2.043234E-0005  5.117747E-0005  1.233904E-0004  4.846908E-0005  3.012640E-0005
  1.174162E-0005  1.950224E-0005  4.785413E-0005  1.172973E-0004  4.552695E-0005  2.787960E-0005
  1.359666E-0005  2.259600E-0005  4.610606E-0005  1.127633E-0004  4.547427E-0005  2.861560E-0005
  1.168182E-0005  2.146762E-0005  4.406094E-0005  1.078155E-0004  4.290852E-0005  2.642559E-0005
  1.254346E-0005  1.838283E-0005  4.360848E-0005  1.024002E-0004  4.212656E-0005  2.665792E-0005
  1.272046E-0005  1.700081E-0005  4.192417E-0005  1.043545E-0004  3.889672E-0005  2.628584E-0005
  1.278144E-0005  1.807362E-0005  4.778973E-0005  1.262157E-0004  4.448110E-0005  2.769873E-0005
  1.076796E-0005  1.600021E-0005  4.167733E-0005  1.057503E-0004  4.167659E-0005  2.416809E-0005
  9.850766E-0006  1.378156E-0005  3.838913E-0005  9.087673E-0005  3.777532E-0005  2.157612E-0005
  8.598203E-0006  1.285186E-0005  4.062630E-0005  1.096250E-0004  3.963474E-0005  2.345584E-0005
  9.212387E-0006  1.274766E-0005  4.144534E-0005  1.157947E-0004  4.040641E-0005  2.245113E-0005
  9.344238E-0006  1.259725E-0005  3.911034E-0005  1.052311E-0004  3.866605E-0005  2.090425E-0005
  8.614249E-0006  1.177833E-0005  3.798043E-0005  1.034037E-0004  4.154603E-0005  2.103867E-0005
  8.754639E-0006  1.361275E-0005  4.203024E-0005  1.133337E-0004  4.623262E-0005  2.368161E-0005
  9.483382E-0006  1.397690E-0005  3.944484E-0005  1.028660E-0004  4.361980E-0005  2.179372E-0005
  8.483104E-0006  1.255165E-0005  3.538146E-0005  8.792742E-0005  3.252358E-0005  1.986376E-0005
  7.803753E-0006  1.258457E-0005  3.089882E-0005  7.863050E-0005  2.816420E-0005  1.811799E-0005
  8.237253E-0006  1.246434E-0005  3.544375E-0005  1.016952E-0004  3.218032E-0005  2.030350E-0005
  8.761304E-0006  1.338887E-0005  4.178294E-0005  1.258516E-0004  3.733982E-0005  2.197787E-0005
  7.897892E-0006  1.281464E-0005  3.722168E-0005  1.046470E-0004  3.452201E-0005  2.050430E-0005
  8.263512E-0006  1.221987E-0005  4.028882E-0005  1.212830E-0004  4.024058E-0005  2.207062E-0005
  8.212001E-0006  1.198758E-0005  3.945618E-0005  1.174436E-0004  3.554547E-0005  2.103805E-0005
  8.237845E-0006  1.159971E-0005  3.784314E-0005  1.147837E-0004  3.898325E-0005  2.106776E-0005
  7.884852E-0006  1.039238E-0005  3.454098E-0005  1.060744E-0004  3.735069E-0005  1.873259E-0005
  8.552537E-0006  1.205485E-0005  4.053368E-0005  1.249699E-0004  3.695378E-0005  2.135106E-0005
  9.790560E-0006  1.263005E-0005  4.103380E-0005  1.204875E-0004  4.143425E-0005  2.195951E-0005
  8.640750E-0006  1.189404E-0005  3.544399E-0005  1.014007E-0004  3.920099E-0005  1.942013E-0005
  7.883272E-0006  1.168999E-0005  3.215639E-0005  8.959478E-0005  3.731958E-0005  1.787762E-0005
  9.067080E-0006  1.257281E-0005  3.805771E-0005  1.146697E-0004  3.857736E-0005  2.145963E-0005
  9.227699E-0006  1.211730E-0005  3.709189E-0005  1.161279E-0004  3.422628E-0005  2.110657E-0005
  7.880496E-0006  1.007896E-0005  3.168875E-0005  9.697535E-0005  2.899540E-0005  1.820761E-0005
