  1.057716E-0002  2.976365E-0003  3.933194E-0003  5.551028E-0003  4.463688E-0003  4.132808E-0003
  1.403819E-0002  4.029695E-0003  5.593088E-0003  7.316705E-0003  6.235868E-0003  5.560972E-0003
  4.761079E-0003  1.715639E-0003  2.988550E-0003  3.353427E-0003  2.701917E-0003  2.325551E-0003
  2.942243E-0003  1.357289E-0003  2.127642E-0003  2.374417E-0003  1.916268E-0003  1.511651E-0003
  2.086845E-0003  8.793380E-0004  1.344311E-0003  1.641293E-0003  1.223551E-0003  1.030055E-0003
  1.805458E-0003  8.148216E-0004  1.162277E-0003  1.400610E-0003  1.129275E-0003  9.085078E-0004
  1.297115E-0003  7.139583E-0004  1.070193E-0003  1.065102E-0003  8.957827E-0004  7.203224E-0004
  1.175713E-0003  5.378276E-0004  8.462340E-0004  1.002867E-0003  6.890452E-0004  6.283597E-0004
  1.068726E-0003  4.579697E-0004  8.227839E-0004  8.895790E-0004  6.066370E-0004  5.538756E-0004
  9.723337E-0004  4.237207E-0004  6.795090E-0004  7.734281E-0004  5.809808E-0004  5.145190E-0004
  1.066180E-0003  4.436383E-0004  7.442347E-0004  7.890483E-0004  5.789416E-0004  5.310298E-0004
  1.302237E-0003  4.573588E-0004  7.724587E-0004  7.850484E-0004  5.874310E-0004  6.066716E-0004
  1.060169E-0003  4.475397E-0004  6.877505E-0004  7.659215E-0004  5.282888E-0004  5.300824E-0004
  9.380852E-0004  4.564289E-0004  7.938380E-0004  8.449075E-0004  5.360435E-0004  5.621355E-0004
  1.002423E-0003  4.638390E-0004  8.214606E-0004  8.706705E-0004  5.679253E-0004  6.081839E-0004
  1.115758E-0003  5.031278E-0004  7.643253E-0004  8.949246E-0004  6.382989E-0004  6.205925E-0004
  1.085334E-0003  4.872598E-0004  7.294731E-0004  9.525750E-0004  6.583037E-0004  5.997575E-0004
  1.050788E-0003  4.006680E-0004  6.119065E-0004  8.245656E-0004  6.231686E-0004  5.736578E-0004
  8.465251E-0004  3.467024E-0004  5.861018E-0004  8.000939E-0004  5.599985E-0004  5.437794E-0004
  7.762124E-0004  3.356063E-0004  6.625814E-0004  9.965998E-0004  5.805454E-0004  5.431137E-0004
  8.074078E-0004  3.482774E-0004  6.737833E-0004  1.098708E-0003  6.971207E-0004  5.489341E-0004
  8.586207E-0004  3.576685E-0004  7.715556E-0004  1.349660E-0003  7.380859E-0004  5.886229E-0004
  9.005966E-0004  3.449749E-0004  8.934183E-0004  1.573683E-0003  6.970781E-0004  6.338301E-0004
  9.590055E-0004  3.769076E-0004  1.003154E-0003  1.809440E-0003  6.641615E-0004  6.810188E-0004
  8.056127E-0004  3.449862E-0004  9.304179E-0004  1.748476E-0003  5.860951E-0004  6.079769E-0004
  6.150834E-0004  3.015808E-0004  8.710454E-0004  1.636711E-0003  5.368323E-0004  5.272658E-0004
  6.465574E-0004  2.949293E-0004  7.540626E-0004  1.296946E-0003  4.826577E-0004  4.991149E-0004
  6.808856E-0004  2.858152E-0004  6.795714E-0004  1.120614E-0003  4.495468E-0004  4.658154E-0004
  6.998517E-0004  2.805248E-0004  7.506892E-0004  1.183817E-0003  4.541348E-0004  4.716748E-0004
  6.679871E-0004  2.637386E-0004  7.402634E-0004  1.290244E-0003  4.384880E-0004  4.758338E-0004
  5.067777E-0004  2.241003E-0004  5.949963E-0004  1.036263E-0003  3.656003E-0004  3.930174E-0004
  5.204284E-0004  2.045332E-0004  5.588947E-0004  9.873322E-0004  3.539270E-0004  3.595814E-0004
  5.764560E-0004  1.929971E-0004  4.850027E-0004  9.514829E-0004  3.149451E-0004  3.319814E-0004
  4.349563E-0004  1.868635E-0004  4.514340E-0004  8.901148E-0004  2.925830E-0004  2.952544E-0004
  3.230125E-0004  1.886699E-0004  4.598073E-0004  7.499267E-0004  2.880915E-0004  2.568551E-0004
  3.873979E-0004  1.997550E-0004  4.320137E-0004  7.316538E-0004  2.893148E-0004  2.572146E-0004
  4.086995E-0004  1.942692E-0004  3.682215E-0004  6.206519E-0004  2.619264E-0004  2.411038E-0004
  3.545754E-0004  1.899102E-0004  3.433588E-0004  4.840873E-0004  2.320504E-0004  2.185509E-0004
  4.445934E-0004  1.993432E-0004  3.668208E-0004  4.477876E-0004  2.313065E-0004  2.383456E-0004
  4.836977E-0004  2.065339E-0004  3.845667E-0004  4.648740E-0004  2.337441E-0004  2.534729E-0004
  4.013552E-0004  1.909584E-0004  3.561258E-0004  3.971707E-0004  2.084654E-0004  2.156148E-0004
  4.419682E-0004  2.171733E-0004  4.157580E-0004  4.693726E-0004  2.418353E-0004  2.496567E-0004
  4.955011E-0004  2.284842E-0004  3.855215E-0004  4.273597E-0004  2.488387E-0004  2.683491E-0004
  4.915269E-0004  2.030881E-0004  3.660945E-0004  4.455929E-0004  2.363980E-0004  2.564617E-0004
  4.130928E-0004  1.787440E-0004  3.282093E-0004  4.425326E-0004  2.223930E-0004  2.287715E-0004
  4.336389E-0004  1.845907E-0004  3.042905E-0004  4.175685E-0004  2.293904E-0004  2.245743E-0004
  5.132683E-0004  2.099084E-0004  3.469792E-0004  4.267812E-0004  2.400875E-0004  2.477450E-0004
  5.996951E-0004  2.279905E-0004  3.916156E-0004  3.928527E-0004  2.399506E-0004  2.679785E-0004
  5.577449E-0004  2.230768E-0004  4.006740E-0004  3.567642E-0004  2.238034E-0004  2.633432E-0004
  6.012981E-0004  2.486517E-0004  4.382880E-0004  3.706285E-0004  2.450789E-0004  2.746036E-0004
  5.675468E-0004  2.080419E-0004  3.333572E-0004  3.184691E-0004  2.051484E-0004  2.423392E-0004
  4.438563E-0004  1.873533E-0004  3.354950E-0004  3.384946E-0004  2.090206E-0004  2.102072E-0004
  3.844124E-0004  1.886054E-0004  2.979471E-0004  3.245544E-0004  1.893192E-0004  1.903617E-0004
  3.893687E-0004  1.617312E-0004  2.476343E-0004  2.978888E-0004  1.657781E-0004  1.774731E-0004
  5.798831E-0004  1.928707E-0004  3.611954E-0004  3.516993E-0004  2.068758E-0004  2.380128E-0004
  5.035123E-0004  1.863840E-0004  3.442719E-0004  3.393858E-0004  1.941920E-0004  2.165346E-0004
  3.322696E-0004  1.469407E-0004  2.388109E-0004  2.853002E-0004  1.598111E-0004  1.591716E-0004
  3.487855E-0004  1.513428E-0004  2.600692E-0004  2.964463E-0004  1.583050E-0004  1.645063E-0004
  3.411176E-0004  1.389649E-0004  2.466424E-0004  2.438091E-0004  1.573811E-0004  1.575721E-0004
  2.769420E-0004  1.141109E-0004  1.967286E-0004  2.058068E-0004  1.349474E-0004  1.347527E-0004
  2.973683E-0004  1.236756E-0004  2.179335E-0004  2.420569E-0004  1.482506E-0004  1.477764E-0004
  4.185261E-0004  1.406983E-0004  2.129451E-0004  2.317707E-0004  1.456033E-0004  1.592670E-0004
  4.338417E-0004  1.325292E-0004  2.120278E-0004  2.151352E-0004  1.408485E-0004  1.616080E-0004
  4.084907E-0004  1.211939E-0004  2.103419E-0004  2.173393E-0004  1.438921E-0004  1.646536E-0004
  3.308755E-0004  1.031598E-0004  1.598078E-0004  1.670095E-0004  1.205851E-0004  1.334951E-0004
  2.156165E-0004  8.487820E-0005  1.294260E-0004  1.721752E-0004  1.001233E-0004  1.014239E-0004
  2.312339E-0004  8.454533E-0005  1.459176E-0004  1.557866E-0004  1.071383E-0004  1.035283E-0004
  2.036900E-0004  8.285804E-0005  1.484551E-0004  1.696141E-0004  9.901186E-0005  9.597275E-0005
  1.984118E-0004  7.912665E-0005  1.406328E-0004  1.863109E-0004  1.007952E-0004  9.330486E-0005
  2.158868E-0004  8.070459E-0005  1.295541E-0004  1.527467E-0004  9.041662E-0005  9.299409E-0005
  1.725824E-0004  6.706880E-0005  1.042983E-0004  1.612786E-0004  7.751168E-0005  7.884818E-0005
  1.605748E-0004  6.752604E-0005  1.070633E-0004  1.736801E-0004  8.106282E-0005  7.786846E-0005
  1.525585E-0004  6.359223E-0005  1.013287E-0004  1.593589E-0004  8.105906E-0005  7.608365E-0005
  1.731055E-0004  5.869041E-0005  8.513156E-0005  1.357069E-0004  8.314495E-0005  7.615163E-0005
  1.439904E-0004  5.220990E-0005  7.673023E-0005  1.274518E-0004  7.465360E-0005  6.428968E-0005
  1.479169E-0004  5.407570E-0005  8.668877E-0005  1.290583E-0004  6.684518E-0005  6.525488E-0005
  1.747064E-0004  5.960292E-0005  1.002742E-0004  1.373186E-0004  7.666375E-0005  7.545905E-0005
  1.407974E-0004  5.182966E-0005  8.585850E-0005  1.248150E-0004  7.199903E-0005  6.418338E-0005
  1.508391E-0004  5.318384E-0005  9.041635E-0005  1.373930E-0004  7.297046E-0005  6.582338E-0005
  1.408154E-0004  4.866593E-0005  7.999098E-0005  1.176494E-0004  7.061975E-0005  6.139158E-0005
  1.290674E-0004  4.935378E-0005  7.989166E-0005  1.102648E-0004  6.798171E-0005  5.913416E-0005
  1.338973E-0004  5.202843E-0005  8.604860E-0005  9.644512E-0005  6.818819E-0005  6.040971E-0005
  1.349845E-0004  4.748707E-0005  7.901284E-0005  1.141651E-0004  6.425355E-0005  6.002651E-0005
  1.327685E-0004  4.457571E-0005  7.392743E-0005  1.157775E-0004  6.115143E-0005  5.776616E-0005
  1.218476E-0004  4.561702E-0005  6.749617E-0005  1.080285E-0004  6.126474E-0005  5.283504E-0005
  1.269455E-0004  4.383336E-0005  6.705447E-0005  1.112041E-0004  6.126330E-0005  5.453856E-0005
  1.245369E-0004  4.007699E-0005  6.147189E-0005  9.703386E-0005  5.703733E-0005  4.984381E-0005
  1.020168E-0004  4.036031E-0005  7.188741E-0005  1.230988E-0004  5.685942E-0005  4.956701E-0005
  9.466718E-0005  3.807320E-0005  5.837451E-0005  1.060888E-0004  5.453637E-0005  4.760084E-0005
  8.119550E-0005  3.208381E-0005  4.592962E-0005  7.830852E-0005  4.797842E-0005  3.924839E-0005
