  2.023360E-0003  3.335437E-0003  5.422352E-0003  5.390544E-0003  2.625241E-0003  2.220897E-0003
  2.371072E-0003  4.385590E-0003  7.033271E-0003  6.150743E-0003  3.239131E-0003  2.854236E-0003
  9.991837E-0004  1.594364E-0003  2.830097E-0003  2.007047E-0003  1.301855E-0003  1.192493E-0003
  7.210835E-0004  9.563995E-0004  1.602925E-0003  1.259536E-0003  8.646228E-0004  7.574497E-0004
  5.207771E-0004  8.336870E-0004  1.274082E-0003  8.953958E-0004  6.835837E-0004  5.924349E-0004
  3.488560E-0004  5.527537E-0004  9.034844E-0004  6.205692E-0004  4.601315E-0004  3.977710E-0004
  3.277597E-0004  4.241318E-0004  6.466151E-0004  4.412043E-0004  3.746746E-0004  3.103233E-0004
  2.675532E-0004  4.380912E-0004  6.744508E-0004  4.587304E-0004  3.364146E-0004  2.899543E-0004
  2.693809E-0004  4.937063E-0004  7.919737E-0004  5.298399E-0004  3.491763E-0004  3.381777E-0004
  3.106672E-0004  4.498361E-0004  7.715407E-0004  5.547807E-0004  3.680692E-0004  3.335066E-0004
  2.464550E-0004  4.335000E-0004  7.929078E-0004  5.449069E-0004  3.320584E-0004  3.207316E-0004
  2.633484E-0004  4.182504E-0004  6.467747E-0004  4.548127E-0004  3.372290E-0004  2.980276E-0004
  2.710796E-0004  4.683712E-0004  7.178603E-0004  4.888418E-0004  3.505778E-0004  3.252649E-0004
  2.998010E-0004  5.285838E-0004  8.598427E-0004  5.167074E-0004  3.793133E-0004  3.725641E-0004
  4.013162E-0004  5.581709E-0004  8.340762E-0004  4.840757E-0004  4.438028E-0004  4.046657E-0004
  4.950020E-0004  7.752320E-0004  1.055897E-0003  5.451159E-0004  5.239312E-0004  5.434752E-0004
  5.592923E-0004  7.846606E-0004  1.071233E-0003  5.154100E-0004  5.615064E-0004  5.765318E-0004
  4.005497E-0004  5.697026E-0004  7.979444E-0004  4.588919E-0004  4.475502E-0004  4.074315E-0004
  3.325217E-0004  5.220816E-0004  8.121235E-0004  4.761197E-0004  4.248068E-0004  3.693386E-0004
  3.635267E-0004  4.959570E-0004  8.140685E-0004  5.510433E-0004  4.813334E-0004  3.833794E-0004
  2.697014E-0004  4.568105E-0004  7.475386E-0004  4.921060E-0004  3.882649E-0004  3.381508E-0004
  2.565753E-0004  5.118278E-0004  8.837990E-0004  5.532952E-0004  3.760062E-0004  3.595547E-0004
  2.620710E-0004  6.369387E-0004  1.056826E-0003  6.657327E-0004  3.974389E-0004  4.017953E-0004
  2.825529E-0004  6.667198E-0004  1.132147E-0003  6.975610E-0004  4.477773E-0004  4.412498E-0004
  2.744866E-0004  5.931697E-0004  9.396760E-0004  5.917104E-0004  4.188815E-0004  3.966736E-0004
  2.646109E-0004  6.415028E-0004  9.112547E-0004  6.073170E-0004  3.804325E-0004  3.911330E-0004
  2.904612E-0004  5.761457E-0004  8.194851E-0004  5.957322E-0004  3.902420E-0004  3.696710E-0004
  2.980589E-0004  5.401288E-0004  6.694887E-0004  4.885613E-0004  3.567368E-0004  3.230505E-0004
  2.556556E-0004  5.403226E-0004  6.863068E-0004  5.302901E-0004  3.399989E-0004  3.190787E-0004
  2.914455E-0004  6.192470E-0004  8.235888E-0004  5.522346E-0004  4.082147E-0004  3.782258E-0004
  3.388250E-0004  6.951951E-0004  7.665621E-0004  4.834432E-0004  4.312877E-0004  3.785219E-0004
  3.233828E-0004  7.335996E-0004  8.535876E-0004  4.890757E-0004  3.676588E-0004  3.949851E-0004
  3.211372E-0004  8.246236E-0004  9.727158E-0004  5.793386E-0004  3.877606E-0004  4.267393E-0004
  3.620946E-0004  7.810663E-0004  8.219235E-0004  5.123597E-0004  4.320575E-0004  4.007059E-0004
  3.926027E-0004  6.929704E-0004  6.769950E-0004  4.461206E-0004  4.277521E-0004  3.658542E-0004
  3.695865E-0004  5.441979E-0004  6.221924E-0004  4.271571E-0004  4.047030E-0004  3.213652E-0004
  3.358647E-0004  5.687023E-0004  6.580321E-0004  4.492088E-0004  4.246294E-0004  3.270384E-0004
  3.307914E-0004  6.423843E-0004  7.394428E-0004  4.839889E-0004  4.196188E-0004  3.651104E-0004
  3.292594E-0004  6.348278E-0004  7.256578E-0004  5.007964E-0004  4.212169E-0004  3.673714E-0004
  3.762579E-0004  5.666038E-0004  6.161104E-0004  4.135658E-0004  4.309716E-0004  3.475909E-0004
  3.704778E-0004  5.079284E-0004  5.335324E-0004  3.385411E-0004  4.160627E-0004  3.109151E-0004
  3.523766E-0004  4.378778E-0004  4.904610E-0004  3.417815E-0004  4.301890E-0004  2.864822E-0004
  3.959809E-0004  3.654569E-0004  4.317405E-0004  3.243563E-0004  4.653515E-0004  2.719039E-0004
  3.356604E-0004  4.135380E-0004  4.613304E-0004  2.897090E-0004  3.703686E-0004  2.630366E-0004
  3.007143E-0004  4.314703E-0004  4.331881E-0004  2.629360E-0004  3.312770E-0004  2.517548E-0004
  3.044595E-0004  3.053498E-0004  3.420665E-0004  2.530841E-0004  3.414424E-0004  2.137736E-0004
  3.094058E-0004  3.043170E-0004  3.374593E-0004  2.446029E-0004  3.394058E-0004  2.102079E-0004
  2.765374E-0004  3.023397E-0004  3.382728E-0004  2.136769E-0004  3.202957E-0004  2.000713E-0004
  3.671706E-0004  3.030342E-0004  3.634475E-0004  2.341098E-0004  3.962841E-0004  2.356234E-0004
  3.075809E-0004  2.899414E-0004  3.540997E-0004  2.387006E-0004  3.351529E-0004  2.172177E-0004
  1.949936E-0004  2.144628E-0004  3.055729E-0004  2.352616E-0004  2.283554E-0004  1.610881E-0004
  2.181817E-0004  2.166068E-0004  3.020260E-0004  2.263557E-0004  2.464801E-0004  1.669829E-0004
  2.107525E-0004  2.018950E-0004  2.891204E-0004  2.032890E-0004  2.595448E-0004  1.613310E-0004
  1.834233E-0004  1.591618E-0004  2.154017E-0004  1.842283E-0004  2.409142E-0004  1.353736E-0004
  1.889901E-0004  1.414344E-0004  1.826309E-0004  1.678822E-0004  2.382141E-0004  1.258480E-0004
  1.665435E-0004  1.503052E-0004  2.038900E-0004  1.800779E-0004  2.168829E-0004  1.265194E-0004
  1.509663E-0004  1.300112E-0004  2.026586E-0004  1.588292E-0004  1.864361E-0004  1.179555E-0004
  1.685789E-0004  1.257010E-0004  2.027313E-0004  1.717559E-0004  2.152372E-0004  1.237160E-0004
  1.740860E-0004  1.437831E-0004  2.104691E-0004  1.712652E-0004  2.201816E-0004  1.230204E-0004
  1.610719E-0004  1.547435E-0004  2.327398E-0004  1.752631E-0004  1.956715E-0004  1.270767E-0004
  1.575237E-0004  1.272837E-0004  1.884420E-0004  1.590448E-0004  1.927383E-0004  1.131675E-0004
  1.136990E-0004  1.129022E-0004  1.750672E-0004  1.393807E-0004  1.484597E-0004  9.283956E-0005
  9.711041E-0005  1.114112E-0004  1.735081E-0004  1.285866E-0004  1.259783E-0004  8.736556E-0005
  1.397124E-0004  1.055515E-0004  1.630649E-0004  1.393115E-0004  1.728376E-0004  9.536033E-0005
  1.265334E-0004  1.028944E-0004  1.590110E-0004  1.308556E-0004  1.686782E-0004  9.073995E-0005
  1.259579E-0004  1.151186E-0004  1.542013E-0004  1.287486E-0004  1.662452E-0004  9.339203E-0005
  1.129869E-0004  1.182536E-0004  1.672051E-0004  1.382588E-0004  1.616332E-0004  9.613931E-0005
  1.526399E-0004  1.298492E-0004  1.912825E-0004  1.606194E-0004  2.062063E-0004  1.154784E-0004
  1.500089E-0004  1.196477E-0004  1.745952E-0004  1.451805E-0004  1.947812E-0004  1.074890E-0004
  1.597025E-0004  1.204685E-0004  1.850297E-0004  1.486603E-0004  2.128244E-0004  1.087124E-0004
  1.382271E-0004  1.140349E-0004  1.888186E-0004  1.572194E-0004  2.001899E-0004  1.031857E-0004
  1.203891E-0004  1.253324E-0004  2.129436E-0004  1.764688E-0004  1.781582E-0004  1.059570E-0004
  1.244076E-0004  1.231936E-0004  1.859972E-0004  1.504948E-0004  1.628094E-0004  1.002106E-0004
  1.128031E-0004  9.800695E-0005  1.439630E-0004  1.167319E-0004  1.581202E-0004  8.389337E-0005
  1.131455E-0004  1.058310E-0004  1.630128E-0004  1.342416E-0004  1.768064E-0004  9.208354E-0005
  1.416040E-0004  1.229344E-0004  1.871207E-0004  1.645941E-0004  2.040792E-0004  1.092040E-0004
  1.490952E-0004  1.273522E-0004  2.094743E-0004  1.663829E-0004  1.938802E-0004  1.185383E-0004
  1.574277E-0004  1.269624E-0004  2.083846E-0004  1.632222E-0004  2.101446E-0004  1.182655E-0004
  1.413920E-0004  9.837778E-0005  1.448558E-0004  1.221781E-0004  1.788827E-0004  9.186642E-0005
  1.380596E-0004  9.712079E-0005  1.526844E-0004  1.184596E-0004  1.830821E-0004  9.585735E-0005
  1.305677E-0004  9.218805E-0005  1.495937E-0004  1.317711E-0004  1.784508E-0004  9.326355E-0005
  1.541384E-0004  9.629079E-0005  1.608962E-0004  1.355087E-0004  1.976114E-0004  9.858219E-0005
  1.538980E-0004  1.080843E-0004  1.771358E-0004  1.533661E-0004  1.958662E-0004  1.073940E-0004
  1.515883E-0004  1.023469E-0004  1.619641E-0004  1.429441E-0004  2.013344E-0004  1.009706E-0004
  1.239902E-0004  9.765609E-0005  1.533656E-0004  1.305971E-0004  1.841911E-0004  8.877808E-0005
  1.541424E-0004  1.146273E-0004  1.925685E-0004  1.583937E-0004  2.301814E-0004  1.098317E-0004
  1.501164E-0004  1.017147E-0004  1.694381E-0004  1.382781E-0004  2.056114E-0004  1.029879E-0004
  1.367843E-0004  9.210119E-0005  1.483038E-0004  1.244844E-0004  1.764386E-0004  9.336374E-0005
  1.242725E-0004  8.522635E-0005  1.231086E-0004  1.180821E-0004  1.706845E-0004  8.163646E-0005
  1.203283E-0004  8.279789E-0005  1.168040E-0004  1.023697E-0004  1.621017E-0004  7.672233E-0005
