  5.365135E-0003  6.362965E-0003  8.943063E-0003  8.457607E-0003  5.329364E-0003  4.098594E-0003
  6.555126E-0003  6.773566E-0003  1.002390E-0002  1.002648E-0002  6.416060E-0003  5.017009E-0003
  3.353632E-0003  2.363300E-0003  3.660114E-0003  4.315897E-0003  2.781254E-0003  2.399767E-0003
  2.292772E-0003  1.607468E-0003  2.306927E-0003  2.787141E-0003  1.915636E-0003  1.592410E-0003
  1.596491E-0003  1.240624E-0003  1.772142E-0003  2.165570E-0003  1.496891E-0003  1.166594E-0003
  1.337962E-0003  1.240368E-0003  2.118131E-0003  2.419574E-0003  1.606331E-0003  1.176616E-0003
  1.050344E-0003  1.027336E-0003  1.894708E-0003  2.088986E-0003  1.394730E-0003  9.959538E-0004
  7.170258E-0004  6.708126E-0004  1.142693E-0003  1.232227E-0003  8.279072E-0004  6.233478E-0004
  5.708351E-0004  5.223188E-0004  8.384063E-0004  9.229199E-0004  6.266496E-0004  4.819713E-0004
  5.568512E-0004  5.054460E-0004  7.696482E-0004  9.265749E-0004  6.122802E-0004  4.533244E-0004
  5.213523E-0004  5.104308E-0004  7.955454E-0004  8.585578E-0004  5.611216E-0004  4.482674E-0004
  5.063620E-0004  5.367159E-0004  8.332749E-0004  8.836591E-0004  5.764885E-0004  4.609819E-0004
  5.774655E-0004  5.524738E-0004  8.317345E-0004  8.875525E-0004  6.188243E-0004  4.973045E-0004
  6.213517E-0004  5.823238E-0004  8.824773E-0004  9.043072E-0004  6.854399E-0004  5.386699E-0004
  6.938446E-0004  7.287628E-0004  1.069521E-0003  1.060238E-0003  8.708487E-0004  6.373904E-0004
  8.039546E-0004  8.701225E-0004  1.370193E-0003  1.323379E-0003  1.154303E-0003  7.702764E-0004
  8.471030E-0004  9.332877E-0004  1.485595E-0003  1.438238E-0003  1.305690E-0003  8.327250E-0004
  7.757604E-0004  7.756966E-0004  1.273851E-0003  1.423930E-0003  1.255948E-0003  7.266575E-0004
  7.222636E-0004  6.964708E-0004  1.199474E-0003  1.426535E-0003  1.155835E-0003  6.770609E-0004
  6.468751E-0004  6.802801E-0004  1.189344E-0003  1.337201E-0003  1.060174E-0003  6.471892E-0004
  5.424739E-0004  6.401905E-0004  1.157361E-0003  1.301631E-0003  9.850140E-0004  5.914654E-0004
  4.862405E-0004  7.072114E-0004  1.292629E-0003  1.416312E-0003  8.985202E-0004  6.185404E-0004
  5.092784E-0004  7.809721E-0004  1.417659E-0003  1.364641E-0003  8.469898E-0004  6.702288E-0004
  5.073115E-0004  8.668633E-0004  1.553243E-0003  1.297754E-0003  8.342797E-0004  7.168109E-0004
  4.975022E-0004  8.796150E-0004  1.509127E-0003  1.247553E-0003  7.902540E-0004  6.982097E-0004
  4.118587E-0004  6.242277E-0004  1.050381E-0003  1.082765E-0003  6.660836E-0004  5.190159E-0004
  3.983269E-0004  6.069375E-0004  9.076792E-0004  9.399932E-0004  6.311518E-0004  4.708919E-0004
  3.623481E-0004  5.427993E-0004  8.037084E-0004  8.333793E-0004  5.809247E-0004  4.168437E-0004
  3.422934E-0004  5.219108E-0004  7.451635E-0004  7.605524E-0004  5.222296E-0004  3.869378E-0004
  3.332595E-0004  4.943307E-0004  6.691278E-0004  7.279860E-0004  5.094862E-0004  3.625849E-0004
  3.653620E-0004  4.895083E-0004  6.531049E-0004  7.838124E-0004  5.487181E-0004  3.706168E-0004
  3.760358E-0004  4.929186E-0004  6.362594E-0004  7.552522E-0004  5.408677E-0004  3.762357E-0004
  4.144169E-0004  5.553635E-0004  6.436360E-0004  7.179659E-0004  5.427137E-0004  3.964819E-0004
  4.686348E-0004  6.641895E-0004  7.340347E-0004  7.391804E-0004  5.762218E-0004  4.512325E-0004
  4.409329E-0004  6.023180E-0004  6.810937E-0004  7.448519E-0004  5.942377E-0004  4.216678E-0004
  4.302400E-0004  5.864621E-0004  6.726871E-0004  7.362924E-0004  5.712266E-0004  4.054007E-0004
  4.078694E-0004  5.152197E-0004  6.046365E-0004  6.961910E-0004  5.468682E-0004  3.727263E-0004
  4.013940E-0004  4.922579E-0004  5.515877E-0004  6.700295E-0004  5.189026E-0004  3.591229E-0004
  3.809625E-0004  4.660744E-0004  5.311720E-0004  6.805630E-0004  5.186588E-0004  3.434867E-0004
  3.585516E-0004  4.165190E-0004  4.850106E-0004  5.873115E-0004  4.864814E-0004  3.093333E-0004
  3.679762E-0004  3.932491E-0004  4.676323E-0004  5.273901E-0004  4.863646E-0004  2.993830E-0004
  3.648116E-0004  3.945674E-0004  4.591868E-0004  5.540412E-0004  4.789984E-0004  3.020284E-0004
  3.455325E-0004  3.596788E-0004  4.159739E-0004  5.142689E-0004  4.571237E-0004  2.779287E-0004
  3.275527E-0004  3.216952E-0004  3.705949E-0004  4.427479E-0004  4.359039E-0004  2.532008E-0004
  3.313134E-0004  3.183987E-0004  3.798544E-0004  4.442691E-0004  4.445003E-0004  2.590634E-0004
  3.294833E-0004  3.216534E-0004  3.702531E-0004  4.166380E-0004  4.461856E-0004  2.534594E-0004
  3.130254E-0004  3.037112E-0004  3.442909E-0004  3.828436E-0004  4.173155E-0004  2.370758E-0004
  2.643655E-0004  2.499222E-0004  2.945898E-0004  3.229963E-0004  3.676636E-0004  2.002936E-0004
  2.311174E-0004  2.351089E-0004  2.792082E-0004  3.022275E-0004  3.390888E-0004  1.860255E-0004
  2.444065E-0004  2.161413E-0004  2.630460E-0004  2.903702E-0004  3.302765E-0004  1.850447E-0004
  2.254042E-0004  1.879612E-0004  2.373325E-0004  2.855904E-0004  3.017776E-0004  1.654203E-0004
  1.939111E-0004  1.619953E-0004  2.094631E-0004  2.750076E-0004  2.681049E-0004  1.452106E-0004
  1.690795E-0004  1.475093E-0004  1.984504E-0004  2.552535E-0004  2.474361E-0004  1.311518E-0004
  1.657909E-0004  1.429514E-0004  1.955449E-0004  2.653207E-0004  2.524653E-0004  1.296303E-0004
  1.646379E-0004  1.460638E-0004  1.917258E-0004  2.632807E-0004  2.444036E-0004  1.297451E-0004
  1.451169E-0004  1.297827E-0004  1.713289E-0004  2.456600E-0004  2.349684E-0004  1.148164E-0004
  1.540590E-0004  1.261234E-0004  1.658677E-0004  2.212373E-0004  2.292727E-0004  1.139909E-0004
  1.495680E-0004  1.166397E-0004  1.578157E-0004  2.206024E-0004  2.101315E-0004  1.097246E-0004
  1.575449E-0004  1.141209E-0004  1.574117E-0004  2.335216E-0004  2.198729E-0004  1.122075E-0004
  1.447962E-0004  1.064526E-0004  1.506818E-0004  2.105660E-0004  2.089911E-0004  1.059525E-0004
  1.280690E-0004  1.027280E-0004  1.478021E-0004  2.052457E-0004  2.039864E-0004  1.003406E-0004
  1.348818E-0004  1.121896E-0004  1.584577E-0004  2.341294E-0004  2.052585E-0004  1.065549E-0004
  1.453968E-0004  1.108632E-0004  1.596787E-0004  2.405009E-0004  2.110276E-0004  1.104956E-0004
  1.429108E-0004  9.890048E-0005  1.485436E-0004  2.383507E-0004  2.116828E-0004  1.043280E-0004
  1.464026E-0004  1.071977E-0004  1.551873E-0004  2.401728E-0004  2.214615E-0004  1.082285E-0004
  1.445213E-0004  1.069170E-0004  1.585045E-0004  2.244193E-0004  2.173566E-0004  1.075517E-0004
  1.388314E-0004  9.951273E-0005  1.467641E-0004  2.077723E-0004  2.079205E-0004  9.960250E-0005
  1.433153E-0004  1.052852E-0004  1.540622E-0004  2.154898E-0004  2.196377E-0004  1.051594E-0004
  1.508756E-0004  1.047474E-0004  1.505498E-0004  2.234767E-0004  2.294878E-0004  1.072821E-0004
  1.520384E-0004  1.158998E-0004  1.505100E-0004  2.187076E-0004  2.405346E-0004  1.084918E-0004
  1.476208E-0004  1.158192E-0004  1.520124E-0004  2.201557E-0004  2.307794E-0004  1.078727E-0004
  1.548875E-0004  1.161600E-0004  1.577380E-0004  2.213201E-0004  2.350644E-0004  1.101233E-0004
  1.456627E-0004  1.116179E-0004  1.544997E-0004  2.137837E-0004  2.252900E-0004  1.058403E-0004
  1.383026E-0004  1.066611E-0004  1.485736E-0004  2.083169E-0004  2.219053E-0004  1.025153E-0004
  1.433883E-0004  1.032619E-0004  1.449370E-0004  2.140243E-0004  2.179967E-0004  1.015808E-0004
  1.417866E-0004  1.009633E-0004  1.363089E-0004  2.127611E-0004  2.224725E-0004  9.720604E-0005
  1.431961E-0004  9.782242E-0005  1.348388E-0004  1.962786E-0004  2.139158E-0004  9.730763E-0005
  1.440823E-0004  9.797594E-0005  1.407449E-0004  1.978013E-0004  2.285981E-0004  9.932513E-0005
  1.376306E-0004  9.292320E-0005  1.303250E-0004  1.873353E-0004  2.188946E-0004  9.436095E-0005
  1.314892E-0004  9.025573E-0005  1.225559E-0004  1.854407E-0004  2.067726E-0004  9.093205E-0005
  1.337230E-0004  9.153377E-0005  1.300037E-0004  1.926942E-0004  1.994598E-0004  9.196325E-0005
  1.406871E-0004  9.067446E-0005  1.277607E-0004  1.840888E-0004  2.172711E-0004  9.431579E-0005
  1.465584E-0004  8.765578E-0005  1.219731E-0004  1.780124E-0004  2.172870E-0004  9.464660E-0005
  1.397280E-0004  9.009503E-0005  1.225455E-0004  1.843007E-0004  2.129104E-0004  9.241962E-0005
  1.441421E-0004  8.993572E-0005  1.266477E-0004  1.805251E-0004  2.145282E-0004  9.399648E-0005
  1.399800E-0004  8.784474E-0005  1.247047E-0004  1.749407E-0004  2.133165E-0004  9.196484E-0005
  1.306190E-0004  8.944089E-0005  1.183075E-0004  1.816679E-0004  2.149548E-0004  8.876705E-0005
  1.446440E-0004  9.343969E-0005  1.217008E-0004  2.013801E-0004  2.240357E-0004  9.527188E-0005
  1.455415E-0004  9.085637E-0005  1.188864E-0004  1.951138E-0004  2.169042E-0004  9.365087E-0005
  1.237019E-0004  7.719624E-0005  1.040381E-0004  1.679274E-0004  1.916538E-0004  7.962581E-0005
