  4.470698E-0003  3.288893E-0003  3.257572E-0003  3.348581E-0003  3.540724E-0003  2.871671E-0003
  7.255199E-0003  6.110548E-0003  6.505219E-0003  6.067656E-0003  6.320918E-0003  4.886105E-0003
  3.652722E-0003  3.765131E-0003  4.223508E-0003  3.435971E-0003  3.420057E-0003  2.796200E-0003
  1.759025E-0003  1.654259E-0003  1.712212E-0003  1.765288E-0003  1.629711E-0003  1.406355E-0003
  1.358517E-0003  1.338010E-0003  1.292245E-0003  1.341224E-0003  1.131051E-0003  1.034127E-0003
  9.232085E-0004  8.814715E-0004  9.143761E-0004  9.391309E-0004  8.800529E-0004  7.468039E-0004
  7.562965E-0004  6.585114E-0004  7.677528E-0004  8.183763E-0004  8.102119E-0004  6.131713E-0004
  6.434330E-0004  5.539227E-0004  6.405028E-0004  6.609983E-0004  6.496479E-0004  5.033329E-0004
  5.243595E-0004  5.127802E-0004  5.838026E-0004  6.024145E-0004  5.429286E-0004  4.567735E-0004
  4.566047E-0004  4.743697E-0004  5.578085E-0004  5.386863E-0004  4.242475E-0004  4.197469E-0004
  4.661659E-0004  4.771046E-0004  4.940698E-0004  4.197321E-0004  3.695273E-0004  3.967544E-0004
  4.823202E-0004  5.281998E-0004  5.501437E-0004  4.596702E-0004  3.908850E-0004  4.326390E-0004
  4.615577E-0004  4.973533E-0004  5.581757E-0004  3.847074E-0004  3.567119E-0004  4.024062E-0004
  3.919979E-0004  3.939801E-0004  4.068420E-0004  3.187334E-0004  3.263435E-0004  3.234630E-0004
  3.468219E-0004  3.366338E-0004  4.064271E-0004  3.527508E-0004  3.862606E-0004  3.089103E-0004
  2.971007E-0004  2.980178E-0004  3.701086E-0004  3.206721E-0004  3.425063E-0004  2.555921E-0004
  3.001556E-0004  3.038955E-0004  3.804576E-0004  3.544897E-0004  3.489174E-0004  2.648453E-0004
  3.442291E-0004  3.084923E-0004  3.535753E-0004  3.511631E-0004  4.111197E-0004  2.672752E-0004
  3.481492E-0004  2.817560E-0004  3.553558E-0004  3.949909E-0004  4.896382E-0004  2.661039E-0004
  3.076725E-0004  2.537163E-0004  3.440206E-0004  4.099182E-0004  4.351561E-0004  2.473933E-0004
  2.981303E-0004  2.865188E-0004  3.760479E-0004  4.356031E-0004  4.032772E-0004  2.533332E-0004
  3.045604E-0004  2.900166E-0004  3.512895E-0004  3.961238E-0004  3.856314E-0004  2.393789E-0004
  2.902610E-0004  2.765995E-0004  3.295971E-0004  3.712372E-0004  4.049079E-0004  2.309298E-0004
  2.750370E-0004  2.873235E-0004  3.409649E-0004  3.904231E-0004  4.529229E-0004  2.250441E-0004
  3.256674E-0004  3.216526E-0004  3.816978E-0004  3.983345E-0004  4.570241E-0004  2.527899E-0004
  3.215919E-0004  3.252061E-0004  3.765866E-0004  3.194458E-0004  4.164989E-0004  2.452020E-0004
  2.792428E-0004  3.051301E-0004  3.523531E-0004  3.088400E-0004  3.589616E-0004  2.240884E-0004
  2.220113E-0004  2.835331E-0004  3.608614E-0004  3.559960E-0004  3.910647E-0004  2.180535E-0004
  2.599399E-0004  2.895232E-0004  3.558743E-0004  3.797594E-0004  4.063076E-0004  2.310131E-0004
  2.678458E-0004  2.790113E-0004  3.394711E-0004  3.685371E-0004  3.547612E-0004  2.256234E-0004
  2.751461E-0004  2.588924E-0004  3.066819E-0004  3.627546E-0004  4.336257E-0004  2.020026E-0004
  2.867830E-0004  2.827318E-0004  3.101310E-0004  3.581729E-0004  4.383565E-0004  2.138019E-0004
  2.964906E-0004  2.490973E-0004  2.663803E-0004  3.245125E-0004  4.476734E-0004  1.998627E-0004
  3.147508E-0004  2.729540E-0004  3.037875E-0004  3.557507E-0004  4.350979E-0004  2.114361E-0004
  3.346871E-0004  2.764457E-0004  3.431753E-0004  4.313628E-0004  5.222952E-0004  2.333217E-0004
  3.425145E-0004  3.257746E-0004  3.660077E-0004  4.204514E-0004  5.746331E-0004  2.394908E-0004
  3.391541E-0004  3.191259E-0004  3.388264E-0004  3.576009E-0004  4.923358E-0004  2.196042E-0004
  3.448393E-0004  2.902491E-0004  2.909182E-0004  3.323668E-0004  4.609328E-0004  1.971659E-0004
  3.673405E-0004  2.826703E-0004  2.733327E-0004  3.039082E-0004  4.707300E-0004  2.115083E-0004
  3.557416E-0004  2.705032E-0004  2.657163E-0004  3.149037E-0004  4.870220E-0004  2.231819E-0004
  3.431411E-0004  2.608559E-0004  2.542461E-0004  2.999594E-0004  4.592754E-0004  2.039535E-0004
  3.628071E-0004  2.608623E-0004  2.224109E-0004  2.516471E-0004  4.286569E-0004  1.885251E-0004
  3.127259E-0004  2.457797E-0004  2.161658E-0004  2.496671E-0004  3.908311E-0004  1.680606E-0004
  3.163694E-0004  2.872143E-0004  2.382661E-0004  2.752719E-0004  4.126760E-0004  1.768928E-0004
  2.344638E-0004  2.080898E-0004  1.928988E-0004  2.560326E-0004  3.334789E-0004  1.439392E-0004
  2.257863E-0004  2.101466E-0004  1.944451E-0004  2.384714E-0004  2.947868E-0004  1.358720E-0004
  2.490915E-0004  2.122886E-0004  1.833088E-0004  2.008041E-0004  2.876780E-0004  1.383224E-0004
  2.536594E-0004  2.166536E-0004  1.879098E-0004  2.104117E-0004  3.034049E-0004  1.415239E-0004
  2.057227E-0004  1.953317E-0004  1.654011E-0004  1.941316E-0004  2.473718E-0004  1.228343E-0004
  2.674737E-0004  2.521195E-0004  1.880571E-0004  1.808427E-0004  2.926996E-0004  1.413748E-0004
  2.295306E-0004  2.033631E-0004  1.711839E-0004  1.709582E-0004  2.594066E-0004  1.256069E-0004
  2.176181E-0004  2.004120E-0004  1.667918E-0004  1.779694E-0004  2.703710E-0004  1.169808E-0004
  2.170904E-0004  2.363851E-0004  1.777713E-0004  1.637304E-0004  2.740508E-0004  1.163136E-0004
  2.127923E-0004  2.331025E-0004  1.671184E-0004  1.713198E-0004  2.529012E-0004  1.177227E-0004
  2.355727E-0004  2.067710E-0004  1.625477E-0004  1.813714E-0004  2.766417E-0004  1.228709E-0004
  2.114575E-0004  1.943155E-0004  1.607413E-0004  1.575741E-0004  2.507522E-0004  1.135645E-0004
  2.189484E-0004  2.031623E-0004  1.513771E-0004  1.399206E-0004  2.373520E-0004  1.111769E-0004
  1.906695E-0004  1.777471E-0004  1.451368E-0004  1.626120E-0004  2.479502E-0004  1.034040E-0004
  1.799531E-0004  1.809492E-0004  1.485912E-0004  1.637949E-0004  2.441299E-0004  1.015665E-0004
  2.170543E-0004  1.778316E-0004  1.503169E-0004  1.674832E-0004  2.545209E-0004  1.125319E-0004
  2.201569E-0004  1.842713E-0004  1.488146E-0004  1.412409E-0004  2.487800E-0004  1.090265E-0004
  2.063185E-0004  1.895006E-0004  1.568571E-0004  1.591312E-0004  2.562587E-0004  1.076975E-0004
  2.275839E-0004  1.950048E-0004  1.651437E-0004  1.830346E-0004  2.831527E-0004  1.166241E-0004
  2.072511E-0004  1.684275E-0004  1.577022E-0004  1.919575E-0004  2.880510E-0004  1.100725E-0004
  2.319880E-0004  2.002298E-0004  1.656220E-0004  1.632932E-0004  2.938378E-0004  1.163450E-0004
  2.123002E-0004  2.026020E-0004  1.598137E-0004  1.658959E-0004  2.744242E-0004  1.086309E-0004
  2.106046E-0004  2.024862E-0004  1.560865E-0004  1.649218E-0004  2.553492E-0004  1.092706E-0004
  2.228849E-0004  2.138426E-0004  1.875134E-0004  2.098306E-0004  3.236627E-0004  1.211174E-0004
  2.161539E-0004  1.544530E-0004  1.552327E-0004  2.079659E-0004  3.209564E-0004  1.104584E-0004
  3.264228E-0004  2.269132E-0004  1.617790E-0004  1.595132E-0004  3.406817E-0004  1.357347E-0004
  2.881856E-0004  1.976936E-0004  1.580383E-0004  1.708991E-0004  3.257615E-0004  1.284062E-0004
  2.084929E-0004  1.578681E-0004  1.522741E-0004  1.799139E-0004  2.911098E-0004  1.081132E-0004
  2.426553E-0004  2.011189E-0004  1.528586E-0004  1.511174E-0004  2.899445E-0004  1.142298E-0004
  2.380620E-0004  1.785266E-0004  1.568171E-0004  1.722636E-0004  3.049530E-0004  1.103379E-0004
  2.652095E-0004  2.267248E-0004  1.966960E-0004  2.179780E-0004  3.793627E-0004  1.270912E-0004
  2.912513E-0004  2.295516E-0004  1.807187E-0004  1.806056E-0004  3.814272E-0004  1.316092E-0004
  3.207092E-0004  2.532200E-0004  1.858028E-0004  1.911065E-0004  3.885887E-0004  1.436088E-0004
  2.664101E-0004  2.137642E-0004  1.681496E-0004  1.787877E-0004  3.376057E-0004  1.268870E-0004
  2.574380E-0004  2.225448E-0004  1.791840E-0004  1.800210E-0004  3.339303E-0004  1.217907E-0004
  3.133897E-0004  2.670628E-0004  1.910327E-0004  1.781453E-0004  3.865258E-0004  1.366994E-0004
  3.168535E-0004  2.517938E-0004  1.691732E-0004  1.431691E-0004  3.747573E-0004  1.334905E-0004
  3.006238E-0004  2.257777E-0004  1.810562E-0004  1.802878E-0004  3.779277E-0004  1.358285E-0004
  2.413769E-0004  1.773946E-0004  1.585551E-0004  1.787906E-0004  3.101915E-0004  1.171197E-0004
  2.528372E-0004  1.881763E-0004  1.594004E-0004  1.762044E-0004  3.055110E-0004  1.200654E-0004
  3.227310E-0004  2.256059E-0004  1.758103E-0004  1.864875E-0004  3.818356E-0004  1.422360E-0004
  2.327987E-0004  1.797198E-0004  1.439925E-0004  1.612554E-0004  2.980096E-0004  1.098909E-0004
  2.033404E-0004  1.748971E-0004  1.521468E-0004  1.789603E-0004  2.997826E-0004  1.037968E-0004
  1.988277E-0004  1.575646E-0004  1.588377E-0004  1.949038E-0004  3.080691E-0004  1.048454E-0004
  2.115787E-0004  1.637622E-0004  1.506374E-0004  1.695345E-0004  2.936673E-0004  1.076270E-0004
  2.071861E-0004  1.645163E-0004  1.417664E-0004  1.507380E-0004  2.711390E-0004  1.018652E-0004
